iter	frame	n_test	mean_returns	std_returns	max_returns	min_returns	n_test_train	mean_returns_train	std_returns_train	max_returns_train	min_returns_train	actor_loss	entropy_loss	value_loss	training_time	evaluation_time
0	0	10	0.8	1.32664991614216	4.0	0.0	10	0.6	1.2806248474865698	4.0	0.0	0	0	0	0.0	3.3429999665700003
4	65536	10	0.8	1.8330302779823362	6.0	0.0	10	1.0	1.3416407864998738	4.0	0.0	-0.002966414933016721	-2.685947162129837	0.08053232476362891	3.766249990584375	3.5329999646700005
8	131072	10	1.0	1.8439088914585775	6.0	0.0	10	1.4	1.2806248474865698	4.0	0.0	-0.0026888424809161492	-2.6389843371741795	0.06299028118105728	3.3209999916975	1.15399998846
12	196608	10	1.4	1.8	4.0	0.0	10	3.2	3.7094473981982814	12.0	0.0	-0.00249724403424563	-2.5562743144551465	0.05949604739591368	3.7139999907150005	5.524999944750001
16	262144	10	1.0	1.0	2.0	0.0	10	1.8	1.886796226411321	6.0	0.0	-0.002685766434017198	-2.545656708114414	0.054136995375725944	3.4629999913425	6.9019999309800015
20	327680	10	2.0	2.3664319132398464	6.0	0.0	10	1.4	1.2806248474865698	4.0	0.0	-0.003008887729255291	-2.464912106336688	0.053519126681934405	3.2909999917725	2.5929999740700005
24	393216	10	1.2	1.32664991614216	4.0	0.0	10	0.6	1.2806248474865698	4.0	0.0	-0.0032905970725761284	-2.3258972041369597	0.057855199861212014	3.539249991151875	1.5709999842900002
28	458752	10	1.6	2.154065922853802	6.0	0.0	10	4.4	4.963869458396342	18.0	0.0	-0.002854998332325531	-2.2785665415337433	0.0580533066471171	3.45949999135125	6.286999937130001
32	524288	10	1.6	1.9595917942265424	6.0	0.0	10	0.2	0.6000000000000001	2.0	0.0	-0.004110082175911213	-2.2709026185292784	0.06060092018596384	3.7677499905806253	2.1699999783000004
36	589824	10	2.0	2.0	6.0	0.0	10	1.8	2.4413111231467406	8.0	0.0	-0.0055931393356871955	-2.4103698181582036	0.0521598063975877	3.2709999918225	7.018999929810001
40	655360	10	1.6	2.3323807579381204	6.0	0.0	10	2.2	2.2715633383201097	6.0	0.0	-0.006915908943975625	-2.3919155446183575	0.03827894773556407	3.5732499910668754	6.132999938670001
44	720896	10	1.4	1.2806248474865698	4.0	0.0	10	1.0	1.3416407864998738	4.0	0.0	-0.008228716049165278	-2.382917379091315	0.03810881390227402	3.826749990433125	4.750999952490001
48	786432	10	1.0	1.0	2.0	0.0	10	2.0	3.3466401061363023	10.0	0.0	-0.009272997009494495	-2.34408370381018	0.05800824999825894	3.431749991420625	2.481999975180001
52	851968	10	2.8	2.039607805437114	6.0	0.0	10	0.2	0.6000000000000001	2.0	0.0	-0.009819782958895287	-2.3850639310974953	0.047700991228221044	3.727249990681875	1.2009999879900002
56	917504	10	0.8	1.32664991614216	4.0	0.0	10	1.6	2.3323807579381204	8.0	0.0	-0.009149474840298433	-2.4245855458038683	0.0417946201007118	3.4289999914275002	1.1529999884700002
60	983040	10	1.6	2.3323807579381204	8.0	0.0	10	1.0	1.3416407864998738	4.0	0.0	-0.011309284943646513	-2.4146007843283916	0.04374711304292111	3.7119999907200003	3.993999960060001
64	1048576	10	1.2	1.8330302779823362	6.0	0.0	10	1.0	1.0	2.0	0.0	-0.012562114762259834	-2.3787691292669058	0.041469582274582584	3.296749991758125	1.9699999803000003
68	1114112	10	2.0	2.0	6.0	0.0	10	1.2	1.6	4.0	0.0	-0.0126758352233824	-2.4187361744506926	0.04868161126774585	3.735749990660625	4.286999957130001
72	1179648	10	2.0	1.5491933384829668	4.0	0.0	10	1.6	1.4966629547095767	4.0	0.0	-0.013331515749517265	-2.471669234077957	0.03299431157109915	3.33149999167125	5.340999946590001
76	1245184	10	1.8	1.661324772583615	4.0	0.0	10	0.8	1.32664991614216	4.0	0.0	-0.013854954101661699	-2.439703106626052	0.03779155318231609	3.5889999910275	1.42599998574
80	1310720	10	0.8	1.32664991614216	4.0	0.0	10	2.0	2.5298221281347035	8.0	0.0	-0.015668593156265558	-2.391208087155485	0.03141493392625789	3.44399999139	4.66899995331
84	1376256	10	0.8	1.32664991614216	4.0	0.0	10	1.8	1.8867962264113207	6.0	0.0	-0.014227012995467895	-2.3773011314379393	0.03454824201014747	3.597999991005	2.6009999739900005
88	1441792	10	1.4	1.562049935181331	4.0	0.0	10	1.8	1.8867962264113207	6.0	0.0	-0.014424559418646747	-2.3813602002961396	0.036109837020555986	3.730749990673125	5.213999947860001
92	1507328	10	1.4	2.835489375751565	8.0	0.0	10	2.6	2.6907248094147422	8.0	0.0	-0.016489076307557114	-2.3636942354362693	0.035714743771595295	3.1922499920193745	5.116999948830001
96	1572864	10	0.6	1.2806248474865698	4.0	0.0	10	1.0	1.8439088914585775	6.0	0.0	-0.01581690589063187	-2.407043603308601	0.041064440171458154	3.7529999906175	2.00499997995
100	1638400	10	1.0	1.3416407864998738	4.0	0.0	10	2.0	1.2649110640673518	4.0	0.0	-0.017508856581718038	-2.4108053269457903	0.0341040223878984	3.177999992055	1.9069999809300002
104	1703936	10	0.8	1.32664991614216	4.0	0.0	10	1.4	2.009975124224178	6.0	0.0	-0.016138255356798536	-2.4224814819753013	0.03063127976367928	3.7639999905900003	0.8089999919100002
108	1769472	10	1.0	1.8439088914585775	6.0	0.0	10	1.2	1.3266499161421599	4.0	0.0	-0.015267019915201152	-2.4726499415841934	0.036806393449706896	3.21999999195	7.123999928760001
112	1835008	10	2.0	2.5298221281347035	8.0	0.0	10	1.2	1.6	4.0	0.0	-0.015611109974584318	-2.43936388914209	0.03553494133538766	3.688249990779375	4.107999958920001
116	1900544	10	1.0	1.61245154965971	4.0	0.0	10	1.8	1.886796226411321	4.0	0.0	-0.016059821591164983	-2.405085414397526	0.026768242045000834	3.4579999913550004	4.537999954620001
120	1966080	10	0.8	0.9797958971132712	2.0	0.0	10	1.6	1.4966629547095767	4.0	0.0	-0.016806362390290625	-2.4257735483305045	0.03028746544611243	3.3447499916381247	1.8189999818100002
124	2031616	10	1.6	1.2000000000000002	4.0	0.0	10	1.4	1.2806248474865698	4.0	0.0	-0.017625445806195766	-2.3990536528313564	0.031740062148884494	3.734749990663125	1.1009999889900002
128	2097152	10	0.2	0.6000000000000001	2.0	0.0	10	0.8	1.6000000000000003	4.0	0.0	-0.017109275575458407	-2.3955974079656635	0.032665630469266085	3.314249991714375	3.7409999625900006
132	2162688	10	1.6	1.2000000000000002	4.0	0.0	10	2.6	1.8	6.0	0.0	-0.01788227127989124	-2.3679259541150977	0.03624526273159251	3.852249990369375	3.874999961250001
136	2228224	10	1.0	1.3416407864998738	4.0	0.0	10	0.8	1.8330302779823362	6.0	0.0	-0.016998144456665455	-2.3979436504329814	0.03411759783080842	3.3374999916562498	5.284999947150001
140	2293760	10	1.8	1.4000000000000001	4.0	0.0	10	1.0	1.3416407864998738	4.0	0.0	-0.017235985385340657	-2.397730534025609	0.030457515091722256	3.551249991121875	1.2359999876400003
144	2359296	10	1.2	1.6	4.0	0.0	10	2.0	1.7888543819998317	6.0	0.0	-0.016709515352661478	-2.413644321011415	0.02994642361764226	3.5694999910762504	4.153999958460001
148	2424832	10	1.2	2.0396078054371136	6.0	0.0	10	1.2	1.6	4.0	0.0	-0.017379384114983163	-2.3877653427418317	0.026862618646425005	3.327249991681875	5.131999948680001
152	2490368	10	1.0	2.04939015319192	6.0	0.0	10	2.0	2.6832815729997477	6.0	0.0	-0.019051142420556083	-2.3641915691416426	0.02663590855774236	3.6687499908281254	4.213999957860001
156	2555904	10	2.6	2.6907248094147422	8.0	0.0	10	2.2	2.2715633383201093	6.0	0.0	-0.018571285012397295	-2.340949217234585	0.03390718986470334	3.6914999907712502	6.704999932950001
160	2621440	10	1.8	1.661324772583615	4.0	0.0	10	0.4	0.8000000000000002	2.0	0.0	-0.017043142245451847	-2.3503347508644556	0.031015611037019913	3.1949999920125	4.306999956930001
164	2686976	10	2.4	3.5552777669262356	10.0	0.0	10	4.0	3.22490309931942	12.0	0.0	-0.018760158627493504	-2.3782898110654136	0.03231288424434065	3.7274999906812503	6.419999935800001
168	2752512	10	0.4	0.8000000000000002	2.0	0.0	10	2.8	2.5612496949731396	6.0	0.0	-0.01807393069423592	-2.4090807162199313	0.028087646251257304	3.6642499908393753	1.7799999822000003
172	2818048	10	1.6	1.9595917942265426	6.0	0.0	10	3.0	3.0	8.0	0.0	-0.01855868892308332	-2.4036995815713738	0.027188216934718547	3.229749991925625	3.7179999628200004
176	2883584	10	1.4	1.562049935181331	4.0	0.0	10	3.2	2.039607805437114	6.0	0.0	-0.01860557769929897	-2.3748794294903433	0.031990429480176975	3.841749990395625	4.227999957720001
180	2949120	10	1.0	1.3416407864998738	4.0	0.0	10	2.6	1.2806248474865698	4.0	0.0	-0.01945674201406737	-2.346387756123109	0.02680988566825914	3.3394999916512496	6.864999931350002
184	3014656	10	1.0	1.3416407864998738	4.0	0.0	10	2.6	2.5377155080899043	8.0	0.0	-0.019461658097289735	-2.3404606528625735	0.031895611102009065	3.3569999916074997	4.171999958280001
188	3080192	10	0.6	0.9165151389911679	2.0	0.0	10	2.0	1.7888543819998317	4.0	0.0	-0.019461722450709505	-2.3424152431432206	0.02736976458211933	3.92449999018875	1.3429999865700002
192	3145728	10	0.8	0.9797958971132713	2.0	0.0	10	4.6	5.9363288318623315	20.0	0.0	-0.01765790223299603	-2.37548837040952	0.024982927626423262	3.3402499916493746	6.8779999312200015
196	3211264	10	2.0	2.0	6.0	0.0	10	3.0	1.61245154965971	6.0	0.0	-0.017908207812023583	-2.3879331347839106	0.027370705344036194	3.502749991243125	6.585999934140001
200	3276800	10	1.2	2.4	8.0	0.0	10	3.2	2.5612496949731396	8.0	0.0	-0.019466388650868912	-2.380952144414523	0.027314351635933796	3.8114999904712503	5.399999946000001
204	3342336	10	0.8	0.9797958971132713	2.0	0.0	10	1.8	1.8867962264113207	6.0	0.0	-0.018494021259553087	-2.421734106785121	0.02475887055561328	3.160749992098125	3.7409999625900006
208	3407872	10	0.6	0.9165151389911679	2.0	0.0	10	1.8	1.886796226411321	6.0	0.0	-0.017362824630870872	-2.3786600428328706	0.03596427564833077	3.828249990429375	3.6169999638300006
212	3473408	10	0.8	1.32664991614216	4.0	0.0	10	2.8	1.6	6.0	0.0	-0.02092100908121562	-2.355770155542075	0.032156984764682095	3.1807499920481255	2.6189999738100007
216	3538944	10	0.8	1.32664991614216	4.0	0.0	10	3.8	2.6	8.0	0.0	-0.02133302215487675	-2.3169836772054895	0.026160323465777575	3.8064999904837498	3.7899999621000005
220	3604480	10	0.4	0.8000000000000002	2.0	0.0	10	4.0	4.732863826479693	16.0	0.0	-0.01868875519527094	-2.340740491702711	0.029906771705319777	3.315749991710625	1.42399998576
224	3670016	10	0.4	0.8000000000000002	2.0	0.0	10	2.6	2.009975124224178	6.0	0.0	-0.019056958694955658	-2.363770819954217	0.03781759794795591	3.65599999086	2.78799997212
228	3735552	10	1.2	2.4	8.0	0.0	10	2.2	1.8867962264113207	4.0	0.0	-0.02067701568524336	-2.37017863964187	0.025417581430782647	3.537749991155625	4.9929999500700015
232	3801088	10	0.6	0.9165151389911679	2.0	0.0	10	1.4	1.8	4.0	0.0	-0.019116031838297135	-2.3517562049164376	0.032599827038453676	3.3054999917362493	2.8599999714
236	3866624	10	1.4	1.562049935181331	4.0	0.0	10	2.0	1.7888543819998317	4.0	0.0	-0.0178362832381243	-2.365814313046064	0.04070329203932926	3.5389999911524996	4.049999959500001
240	3932160	10	0.6	0.9165151389911681	2.0	0.0	10	2.6	2.537715508089904	6.0	0.0	-0.020051896999305794	-2.3444073048772127	0.038014326667489017	3.2632499918418754	5.033999949660001
244	3997696	10	0.2	0.6000000000000001	2.0	0.0	10	0.6	0.9165151389911679	2.0	0.0	-0.019328417104091326	-2.3606386505091876	0.03311830846014971	3.753749990615625	1.1409999885900002
248	4063232	10	2.0	1.7888543819998317	6.0	0.0	10	1.2	2.0396078054371136	6.0	0.0	-0.018454238991174002	-2.3613322523756786	0.045973698953034284	3.132749992168125	4.292999957070001
252	4128768	10	1.0	1.3416407864998738	4.0	0.0	10	1.8	1.661324772583615	4.0	0.0	-0.01939596424724962	-2.3756783726323563	0.03622755799841261	3.7309999906725	2.8069999719300003
256	4194304	10	0.6	1.2806248474865698	4.0	0.0	10	3.0	2.4083189157584592	6.0	0.0	-0.019450783614749754	-2.362094667804555	0.027978824487456387	3.399249991501875	6.842999931570001
260	4259840	10	1.2	2.0396078054371136	6.0	0.0	10	1.8	1.661324772583615	4.0	0.0	-0.01946587166255133	-2.3672164353249263	0.0307067162131259	3.2989999917525	4.830999951690001
264	4325376	10	1.0	2.4083189157584592	8.0	0.0	10	2.2	2.4413111231467406	6.0	0.0	-0.0200453501957213	-2.37926980579944	0.02504316830630318	3.68249999079375	4.85899995141
268	4390912	10	1.2	2.5612496949731396	8.0	0.0	10	1.6	1.7435595774162695	4.0	0.0	-0.019275758837883555	-2.421929187820397	0.021616995109244107	3.238749991903125	3.1179999688200004
272	4456448	10	0.8	1.8330302779823362	6.0	0.0	10	3.0	1.3416407864998738	4.0	0.0	-0.01904666263285605	-2.3996120688799842	0.03592643641958171	3.5367499911581253	3.5309999646900008
276	4521984	10	1.8	2.2715633383201097	8.0	0.0	10	2.2	2.2715633383201093	6.0	0.0	-0.021419451423037975	-2.3479576530593618	0.030918746601363453	3.237749991905625	1.6129999838700002
280	4587520	10	1.0	2.04939015319192	6.0	0.0	10	4.0	6.324555320336759	22.0	0.0	-0.018214049150550544	-2.3812436285121326	0.04399745891498926	3.6347499909131256	3.3699999663000004
284	4653056	10	1.0	1.3416407864998738	4.0	0.0	10	3.0	1.8439088914585775	6.0	0.0	-0.019904656646504253	-2.3785623756553624	0.034862763535790764	3.427249991431875	1.4599999854
288	4718592	10	0.4	1.2000000000000002	4.0	0.0	10	3.2	5.74108003776293	20.0	0.0	-0.019312972506475522	-2.3938876611480935	0.02838841843860361	3.491249991271875	2.4659999753400004
292	4784128	10	1.0	1.8439088914585775	6.0	0.0	10	1.4	1.7999999999999998	6.0	0.0	-0.019377383787087327	-2.3886305563147205	0.03410671233853191	3.4167499914581256	5.218999947810001
296	4849664	10	1.2	1.6	4.0	0.0	10	2.6	2.5377155080899043	8.0	0.0	-0.01891834334476992	-2.3866861261424797	0.033834074135294545	3.46749999133125	1.6499999835
300	4915200	10	1.2	1.32664991614216	4.0	0.0	10	3.6	4.715930449020639	16.0	0.0	-0.01909995262923297	-2.3883303972577705	0.03167611664840059	3.456249991359375	4.336999956630001
304	4980736	10	2.0	2.0	6.0	0.0	10	2.8	2.0396078054371136	6.0	0.0	-0.02017719567843935	-2.3762374989696675	0.028158246594807645	3.350749991623125	5.149999948500001
308	5046272	10	1.6	1.7435595774162693	4.0	0.0	10	3.6	2.1540659228538015	8.0	0.0	-0.020763152697589802	-2.334175569072608	0.03357323906810789	3.561249991096875	6.537999934620001
312	5111808	10	2.4	4.715930449020638	16.0	0.0	10	1.2	1.6	4.0	0.0	-0.019729625244878646	-2.343031771236971	0.034484381861497014	3.1984999920037502	6.879999931200001
316	5177344	10	1.2	1.32664991614216	4.0	0.0	10	2.0	2.6832815729997477	8.0	0.0	-0.020653636151383718	-2.357604173076935	0.026694887838805303	3.582749991043125	2.0309999796900007
320	5242880	10	0.6	1.2806248474865698	4.0	0.0	10	3.8	3.026549190084311	8.0	0.0	-0.02060934949407925	-2.331660036996511	0.028713405420341023	3.28849999177875	3.6909999630900003
324	5308416	10	2.2	2.6	8.0	0.0	10	2.8	3.124099870362662	10.0	0.0	-0.019353369983749334	-2.346293717378351	0.02961564260653302	3.439749991400625	6.1659999383400015
328	5373952	10	2.6	2.3748684174075834	8.0	0.0	10	2.2	1.886796226411321	6.0	0.0	-0.019054882194860446	-2.3430119204067363	0.023507621534591586	3.6909999907724997	4.470999955290001
332	5439488	10	1.4	2.835489375751565	8.0	0.0	10	2.0	1.7888543819998317	4.0	0.0	-0.020041341020597684	-2.3002879542696446	0.027234900351881197	3.127749992180625	2.5209999747900005
336	5505024	10	2.6	2.6907248094147422	8.0	0.0	10	5.6	6.499230723708768	20.0	0.0	-0.01934321330716973	-2.3354341782680272	0.027916124465994195	3.7479999906300003	5.564999944350001
340	5570560	10	1.0	1.8439088914585775	6.0	0.0	10	2.6	2.0099751242241783	6.0	0.0	-0.01925630845937836	-2.3378899591712696	0.03044418532394637	3.3097499917256252	5.959999940400001
344	5636096	10	2.4	1.9595917942265424	6.0	0.0	10	3.4	5.219195340279955	18.0	0.0	-0.01925080140105076	-2.36489924515488	0.03357282431912137	3.4729999913175003	4.5259999547400005
348	5701632	10	0.4	0.8000000000000002	2.0	0.0	10	3.0	2.8635642126552705	8.0	0.0	-0.018981129644537496	-2.382311679174698	0.03880279142160587	3.417749991455625	4.401999955980001
352	5767168	10	1.6	1.4966629547095767	4.0	0.0	10	3.4	2.835489375751565	10.0	0.0	-0.019385229022900383	-2.3734259056559486	0.030360944032378046	3.2632499918418754	3.1009999689900005
356	5832704	10	2.0	2.9664793948382653	10.0	0.0	10	2.8	2.5612496949731396	8.0	0.0	-0.01937178234503757	-2.3235860166513462	0.03953031413233399	3.710749990723125	3.901999960980001
360	5898240	10	0.4	1.2000000000000002	4.0	0.0	10	3.8	4.331281565541543	16.0	0.0	-0.021000709935464996	-2.385905844221333	0.024444011658367373	3.20049999199875	5.0569999494300015
364	5963776	10	2.6	5.295280917949491	18.0	0.0	10	2.0	0.8944271909999159	4.0	0.0	-0.02018214391169309	-2.398489018031458	0.02767705546481321	3.415749991460625	4.119999958800001
368	6029312	10	0.8	0.9797958971132713	2.0	0.0	10	1.2	0.9797958971132713	2.0	0.0	-0.01999679248823945	-2.3777841128415576	0.036173919309043026	3.619249990951875	2.3949999760500003
372	6094848	10	1.2	1.32664991614216	4.0	0.0	10	1.6	1.7435595774162695	6.0	0.0	-0.01912905951073823	-2.393018235513641	0.032599778784302785	3.270749991823125	1.2009999879900002
376	6160384	10	1.4	1.562049935181331	4.0	0.0	10	2.2	1.8867962264113207	6.0	0.0	-0.020550593362998328	-2.3665296606737884	0.032284966142744745	3.637249990906875	2.91599997084
380	6225920	10	1.0	1.3416407864998738	4.0	0.0	10	2.0	1.7888543819998317	6.0	0.0	-0.018282581348017673	-2.3621954294565377	0.03460557374277099	3.144749992138125	4.415999955840001
384	6291456	10	1.0	1.3416407864998738	4.0	0.0	10	3.2	2.4	8.0	0.0	-0.0186735701553164	-2.35424818570727	0.03856808305704305	3.745749990635625	3.926999960730001
388	6356992	10	0.6	1.2806248474865698	4.0	0.0	10	3.4	2.537715508089904	8.0	0.0	-0.019614927226108907	-2.373488910248996	0.031228354682531673	3.04649999238375	7.088999929110002
392	6422528	10	3.0	3.1304951684997055	10.0	0.0	10	5.8	5.015974481593781	20.0	2.0	-0.019733714660475483	-2.3275430820941323	0.03419771326427197	3.6499999908750005	5.359999946400001
396	6488064	10	1.6	1.4966629547095767	4.0	0.0	10	2.8	1.8330302779823362	6.0	0.0	-0.019303241558302472	-2.3447338861764835	0.027607630838402984	3.34549999163625	4.455999955440001
400	6553600	10	0.4	0.8000000000000002	2.0	0.0	10	2.6	1.562049935181331	4.0	0.0	-0.018782331817282113	-2.345658714328249	0.040824805401514425	3.4967499912581252	3.9439999605600007
404	6619136	10	1.8	2.441311123146741	8.0	0.0	10	6.2	4.935585071701227	18.0	0.0	-0.018733227051162524	-2.349103907499391	0.030870326985493808	3.5722499910693752	6.015999939840001
408	6684672	10	1.2	1.32664991614216	4.0	0.0	10	2.4	2.1540659228538015	6.0	0.0	-0.020430565586436116	-2.332185290510905	0.02829087362330008	3.1734999920662497	2.7629999723700003
412	6750208	10	0.8	1.32664991614216	4.0	0.0	10	3.8	4.935585071701226	18.0	0.0	-0.02101639490404184	-2.3555979626903905	0.024272585323966873	3.6469999908825	4.588999954110001
416	6815744	10	1.6	1.4966629547095767	4.0	0.0	10	2.6	2.5377155080899043	8.0	0.0	-0.019664347235218694	-2.3515234959656244	0.032158339489782056	3.132249992169375	6.079999939200001
420	6881280	10	1.2	1.8330302779823358	4.0	0.0	10	3.4	1.2806248474865698	6.0	2.0	-0.02250842350994273	-2.353051086021726	0.03106957167296198	3.5789999910524997	3.3379999666200004
424	6946816	10	1.0	1.3416407864998738	4.0	0.0	10	4.0	4.6475800154489	16.0	0.0	-0.019818280443114566	-2.3742540550738984	0.0304095540940129	3.38799999153	4.38699995613
428	7012352	10	0.8	1.32664991614216	4.0	0.0	10	4.4	4.6303347611160905	16.0	0.0	-0.018931759502415872	-2.3806659179432876	0.030259740050679232	3.3404999916487506	2.2039999779600006
432	7077888	10	1.0	2.04939015319192	6.0	0.0	10	1.8	2.2715633383201097	6.0	0.0	-0.020326798275168815	-2.3751559006680516	0.023790302858538084	3.5249999911875	5.259999947400001
436	7143424	10	1.2	1.6	4.0	0.0	10	3.0	2.23606797749979	8.0	0.0	-0.019917517752873024	-2.330138355250823	0.030920913187515196	3.17549999206125	4.240999957590001
440	7208960	10	1.6	1.2000000000000002	4.0	0.0	10	3.6	2.33238075793812	6.0	0.0	-0.019933505178157215	-2.30474264150692	0.029546359822491146	3.9089999902275	6.151999938480001
444	7274496	10	2.6	3.4698703145794947	10.0	0.0	10	4.0	2.3664319132398464	8.0	0.0	-0.019693013318596523	-2.3188422121175645	0.030537651576956502	3.4347499914131254	6.771999932280002
448	7340032	10	0.2	0.6000000000000001	2.0	0.0	10	4.6	6.514598989960932	22.0	0.0	-0.019720291610072355	-2.3385712775138843	0.029381330209284788	3.2669999918325	3.5219999647800004
452	7405568	10	3.2	4.48998886412873	16.0	0.0	10	2.2	2.4413111231467406	8.0	0.0	-0.020398688917639768	-2.34744188165054	0.029709728014432224	3.6569999908575004	5.8459999415400015
456	7471104	10	1.4	1.562049935181331	4.0	0.0	10	3.4	5.141984052872976	18.0	0.0	-0.02033584339400254	-2.360617500794402	0.026929917994720182	3.3162499917093746	4.986999950130001
460	7536640	10	1.4	1.8	4.0	0.0	10	3.6	2.65329983228432	8.0	0.0	-0.019528483051935854	-2.3370596937884303	0.03189846855488812	3.5034999912412506	4.203999957960001
464	7602176	10	1.8	2.08806130178211	6.0	0.0	10	2.6	2.5377155080899043	8.0	0.0	-0.01848916123030818	-2.3185966558822764	0.03660494833803345	3.64799999088	3.864999961350001
468	7667712	10	2.6	2.6907248094147422	8.0	0.0	10	3.2	3.1240998703626617	10.0	0.0	-0.020816244675142294	-2.3207842009828963	0.02759514955399887	3.0939999922650006	6.389999936100001
472	7733248	10	1.0	1.0	2.0	0.0	10	2.8	2.85657137141714	8.0	0.0	-0.017836230324935216	-2.31163675562303	0.031434848261050946	3.6449999908875	5.627999943720001
476	7798784	10	1.6	1.2000000000000002	4.0	0.0	10	3.8	4.512205669071391	16.0	0.0	-0.021028790996683575	-2.3018677530275102	0.024841404886036055	3.6507499908731256	5.887999941120001
480	7864320	10	1.8	2.4413111231467406	6.0	0.0	10	2.6	2.8354893757515653	8.0	0.0	-0.020840330655979813	-2.3469243146517944	0.023881376863996415	3.156249992109375	5.76499994235
484	7929856	10	1.0	2.4083189157584592	8.0	0.0	10	5.0	5.531726674375733	20.0	0.0	-0.021916737314455974	-2.3318289292409915	0.0208514220602821	3.6429999908924997	3.1389999686100003
488	7995392	10	1.6	1.7435595774162695	4.0	0.0	10	2.6	2.3748684174075834	8.0	0.0	-0.018509857817856166	-2.349756921086321	0.026764606714642696	3.3899999915250003	7.084999929150001
492	8060928	10	1.6	2.4979991993593593	8.0	0.0	10	4.2	3.026549190084311	10.0	0.0	-0.01954288687838474	-2.335225817814602	0.028230651822104852	3.350749991623125	6.114999938850001
496	8126464	10	1.0	1.3416407864998738	4.0	0.0	10	3.0	2.569046515733026	8.0	0.0	-0.01829209130474279	-2.3767126696812944	0.02260109086401957	3.6822499907943755	6.062999939370001
500	8192000	10	1.8	2.4413111231467406	8.0	0.0	10	2.8	2.5612496949731396	8.0	0.0	-0.019203919672812715	-2.331478558237877	0.023660481400496283	3.3609999915974997	7.026999929730001
504	8257536	10	1.6	1.4966629547095767	4.0	0.0	10	6.4	5.986651818838307	18.0	0.0	-0.019598458416193055	-2.3275646664261194	0.02388175405934037	3.4094999914762503	6.767999932320001
508	8323072	10	1.2	1.6	4.0	0.0	10	3.2	1.8330302779823358	6.0	0.0	-0.01767257356366455	-2.346609453115801	0.027752889453181273	3.6599999908500003	3.868999961310001
512	8388608	10	1.0	1.3416407864998738	4.0	0.0	10	4.6	4.565084884205331	16.0	0.0	-0.017904217173614644	-2.31959590540009	0.03626818962327838	3.323249991691875	4.504999954950001
516	8454144	10	1.2	1.8330302779823362	6.0	0.0	10	2.8	2.039607805437114	6.0	0.0	-0.018056791712841528	-2.333527420714807	0.03225429068604399	3.50799999123	5.062999949370001
520	8519680	10	1.4	2.009975124224178	6.0	0.0	10	4.2	3.5156791662493894	12.0	0.0	-0.019377428767057295	-2.283943163613986	0.030411222694223024	3.6427499908931256	6.6829999331700005
524	8585216	10	1.0	1.3416407864998738	4.0	0.0	10	3.8	2.2715633383201097	8.0	0.0	-0.020004941667480534	-2.2735443212207174	0.0278415640127404	3.5014999912462503	4.157999958420001
528	8650752	10	2.0	2.5298221281347035	8.0	0.0	10	3.8	2.6	8.0	0.0	-0.01649965711910856	-2.281646554431073	0.042030902846684294	3.576749991058125	6.132999938670001
532	8716288	10	0.8	0.9797958971132713	2.0	0.0	10	3.4	2.3748684174075834	8.0	0.0	-0.019263950678996767	-2.273160184186341	0.026489179617449548	3.5929999910175	6.900999930990001
536	8781824	10	1.4	1.2806248474865698	4.0	0.0	10	5.2	6.20966987850401	22.0	0.0	-0.021299788784345294	-2.2636071391529278	0.024314269469458447	3.3859999915350003	6.366999936330001
540	8847360	10	1.8	2.6	8.0	0.0	10	2.8	0.9797958971132713	4.0	2.0	-0.01753542813396503	-2.2320774244923887	0.037988007607948446	3.309249991726875	4.346999956530001
544	8912896	10	1.8	1.661324772583615	4.0	0.0	10	3.8	1.6613247725836149	6.0	2.0	-0.018553155286895218	-2.24464239405059	0.030708620534960145	3.74799999063	6.443999935560001
548	8978432	10	1.8	1.886796226411321	4.0	0.0	10	4.0	2.6832815729997477	8.0	0.0	-0.02030782090424275	-2.2408018358201134	0.030046432925906058	3.51549999121125	7.220999927790001
552	9043968	10	1.4	1.8	4.0	0.0	10	1.6	1.9595917942265426	6.0	0.0	-0.019460634376116823	-2.27510238166793	0.02311741093825334	3.4669999913324996	6.688999933110001
556	9109504	10	2.0	1.7888543819998317	6.0	0.0	10	2.4	1.7435595774162695	6.0	0.0	-0.01887976509458075	-2.2568539329005795	0.028977475843943893	3.6864999907837497	6.228999937710001
560	9175040	10	1.2	1.32664991614216	4.0	0.0	10	6.4	6.740919818541088	22.0	0.0	-0.01829873728811817	-2.2581157681973965	0.03391730129210255	3.7654999905862505	1.9689999803100005
564	9240576	10	1.8	1.4000000000000001	4.0	0.0	10	4.2	1.661324772583615	8.0	2.0	-0.018845902399796794	-2.2437824530052364	0.030153665106396534	3.2027499919931253	6.939999930600002
568	9306112	10	1.0	1.3416407864998738	4.0	0.0	10	4.0	4.381780460041329	16.0	0.0	-0.018537651017938365	-2.2673769988241275	0.03392048082737195	3.711749990720625	5.058999949410001
572	9371648	10	2.0	4.732863826479693	16.0	0.0	10	2.0	1.7888543819998317	6.0	0.0	-0.018963318995242617	-2.260004664225401	0.028653506982104688	3.3759999915600005	4.625999953740001
576	9437184	10	0.8	1.8330302779823362	6.0	0.0	10	5.6	4.6303347611160905	18.0	2.0	-0.017168309397099624	-2.2412662131239833	0.03531946573271377	3.5397499911506256	3.5099999649000004
580	9502720	10	2.2	2.08806130178211	6.0	0.0	10	3.2	2.4	8.0	0.0	-0.018818878211439332	-2.3092461151459394	0.028854620775772256	3.7259999906850005	6.2219999377800015
584	9568256	10	1.0	1.3416407864998738	4.0	0.0	10	2.0	1.7888543819998317	6.0	0.0	-0.018531465600254593	-2.260776904486557	0.03135374021234594	3.2692499918268756	2.9789999702100007
588	9633792	10	1.0	1.3416407864998738	4.0	0.0	10	4.0	2.0	6.0	0.0	-0.020231105695544295	-2.2376211904141985	0.03447068282432033	3.7509999906225002	3.2249999677500005
592	9699328	10	1.2	1.8330302779823358	6.0	0.0	10	6.0	5.796550698475776	18.0	0.0	-0.01971955829055769	-2.275660194219529	0.027966731496656908	3.1409999921475005	3.7189999628100003
596	9764864	10	1.0	1.8439088914585775	6.0	0.0	10	3.4	4.651881339845203	16.0	0.0	-0.01796582876032425	-2.2510354069510714	0.032638550810220435	3.730249990674375	3.5419999645800004
600	9830400	10	1.4	1.7999999999999998	6.0	0.0	10	4.0	2.1908902300206643	8.0	0.0	-0.02083699779445562	-2.2588030196856925	0.026267034095925044	3.413749991465625	4.452999955470001
604	9895936	10	1.0	1.3416407864998738	4.0	0.0	10	4.0	2.5298221281347035	8.0	0.0	-0.017793273599905138	-2.2730743336296584	0.031592575635884974	3.3337499916656252	4.424999955750001
608	9961472	10	1.0	1.61245154965971	4.0	0.0	10	2.8	1.8330302779823362	6.0	0.0	-0.01887173728558862	-2.3094647623676408	0.025272582014718378	3.7494999906262505	6.758999932410002
612	10027008	10	1.8	2.891366458960192	8.0	0.0	10	4.6	2.690724809414742	8.0	0.0	-0.017806291942143254	-2.292740737159638	0.02514572229828142	3.1139999922150006	4.545999954540001
616	10092544	10	0.8	1.8330302779823362	6.0	0.0	10	3.0	2.4083189157584592	8.0	0.0	-0.018552872585625445	-2.2655934117857965	0.03297746234501544	3.7137499907156255	4.189999958100001
620	10158080	10	1.8	3.280243893371345	10.0	0.0	10	5.2	2.0396078054371136	8.0	2.0	-0.017824354000026868	-2.302371461946347	0.021064626312715894	3.4869999912825	6.456999935430001
624	10223616	10	1.6	1.9595917942265424	6.0	0.0	10	3.0	2.04939015319192	6.0	0.0	-0.018608357891209446	-2.27297924186951	0.022287587962740885	3.2134999919662497	4.588999954110001
628	10289152	10	2.8	3.249615361854384	10.0	0.0	10	3.8	5.095095681142799	18.0	0.0	-0.017660565466313186	-2.262539130710319	0.029083092790948017	3.811749990470625	6.475999935240001
632	10354688	10	1.8	2.441311123146741	8.0	0.0	10	3.4	1.5620499351813308	6.0	0.0	-0.016851073613061093	-2.299065249422118	0.04035517943525036	3.379249991551875	4.188999958110001
636	10420224	10	0.4	0.8000000000000002	2.0	0.0	10	7.0	7.707139547199077	22.0	0.0	-0.018454699280379225	-2.2982050575405513	0.03518374391930621	3.527249991181875	4.172999958270001
640	10485760	10	1.2	2.4	8.0	0.0	10	4.8	5.878775382679628	16.0	0.0	-0.01825958553724863	-2.32758367285722	0.033136619222391146	3.576249991059375	4.210999957890001
644	10551296	10	1.8	1.8867962264113207	6.0	0.0	10	2.8	3.1240998703626617	8.0	0.0	-0.018961824608136266	-2.265575912855503	0.0331327867038804	3.2027499919931253	3.7629999623700003
648	10616832	10	1.2	1.6	4.0	0.0	10	3.0	1.0	4.0	2.0	-0.01953025945030866	-2.3031840992554957	0.026298591767337065	3.78149999054625	6.215999937840001
652	10682368	10	1.6	1.7435595774162693	4.0	0.0	10	4.0	2.6832815729997477	8.0	0.0	-0.01882413479856407	-2.242716123426789	0.0370956164319232	3.469999991325	2.3169999768300005
656	10747904	10	1.6	1.7435595774162695	4.0	0.0	10	2.0	2.0	6.0	0.0	-0.01839353690401671	-2.2908013410963535	0.031839637257101754	3.3007499917481256	6.258999937410001
660	10813440	10	1.8	4.770744176750625	16.0	0.0	10	2.2	1.4	4.0	0.0	-0.017929626253389695	-2.30370560512785	0.03312780930858855	3.826249990434375	1.3929999860700002
664	10878976	10	0.8	1.32664991614216	4.0	0.0	10	2.8	2.993325909419153	8.0	0.0	-0.018025014204433514	-2.2773459601016866	0.024475345191479793	3.12399999219	4.168999958310001
668	10944512	10	1.8	1.661324772583615	4.0	0.0	10	3.2	2.039607805437114	8.0	0.0	-0.018871727601289034	-2.2768059147012822	0.0223648971175606	3.6709999908224997	4.0649999593500015
672	11010048	10	1.8	1.886796226411321	4.0	0.0	10	4.8	4.308131845707603	16.0	0.0	-0.018842689392697048	-2.2588343816629486	0.02310841797105847	3.40349999149125	4.90299995097
676	11075584	10	2.2	2.4413111231467406	6.0	0.0	10	3.4	3.2310988842807022	10.0	0.0	-0.01761803622804609	-2.260250213010108	0.02369321810688509	3.2427499918931253	6.481999935180001
680	11141120	10	1.6	1.7435595774162693	4.0	0.0	10	3.6	3.32264954516723	10.0	0.0	-0.0175368789793157	-2.2510600038011463	0.02527314038140691	3.6944999907637497	4.564999954350001
684	11206656	10	1.8	2.08806130178211	6.0	0.0	10	3.2	2.5612496949731396	8.0	0.0	-0.01846868220723209	-2.2507707449436083	0.019739501573960767	3.545999991135	6.888999931110002
688	11272192	10	1.2	1.6	4.0	0.0	10	5.0	4.58257569495584	18.0	0.0	-0.018355780376227204	-2.258957172198227	0.02032975583552335	3.12849999217875	3.9689999603100006
692	11337728	10	0.6	1.8000000000000003	6.0	0.0	10	4.0	3.5777087639996634	12.0	0.0	-0.018840347771258318	-2.290692977368636	0.025007950314043934	3.6989999907524997	3.2599999674
696	11403264	10	2.2	1.886796226411321	6.0	0.0	10	1.8	2.2715633383201097	6.0	0.0	-0.017565608638798493	-2.2639187025652436	0.03622790842793383	3.5342499911643745	6.64799993352
700	11468800	10	1.4	2.3748684174075834	6.0	0.0	10	3.6	2.1540659228538015	6.0	0.0	-0.018352261708573438	-2.2948222083443106	0.02833248339880357	3.1867499920331253	3.7529999624700006
704	11534336	10	2.0	2.3664319132398464	6.0	0.0	10	2.4	1.9595917942265426	6.0	0.0	-0.01821106326004238	-2.2727394896365065	0.02601918549743152	3.7909999905225	6.142999938570001
708	11599872	10	2.2	2.08806130178211	6.0	0.0	10	4.0	4.2895221179054435	16.0	0.0	-0.01768710890668528	-2.308815950908167	0.02568439607396155	3.4257499914356253	6.680999933190001
712	11665408	10	1.2	2.9933259094191533	10.0	0.0	10	3.6	2.4979991993593593	8.0	0.0	-0.019044612027893985	-2.2645223113522404	0.02393132753537346	3.3172499917068747	6.356999936430001
716	11730944	10	2.2	2.749545416973504	8.0	0.0	10	1.4	2.009975124224178	6.0	0.0	-0.018446849880293093	-2.2573886883887604	0.027546262753741505	3.716749990708125	6.276999937230001
720	11796480	10	2.6	4.565084884205332	16.0	0.0	10	4.0	2.6832815729997477	10.0	0.0	-0.017133250457273805	-2.2914616736369555	0.02918891759750924	3.376749991558125	4.6619999533800005
724	11862016	10	2.0	3.3466401061363023	10.0	0.0	10	4.6	2.5377155080899043	8.0	0.0	-0.017483772230356596	-2.281722080966576	0.021128994041870745	3.3792499915518754	6.300999936990001
728	11927552	10	1.6	2.4979991993593593	8.0	0.0	10	4.6	5.517245689653488	20.0	0.0	-0.01672566075353737	-2.2423731756854752	0.03231284854364196	3.7362499906593754	3.7959999620400002
732	11993088	10	2.4	1.7435595774162693	4.0	0.0	10	4.2	2.08806130178211	8.0	0.0	-0.017767665869510004	-2.2623411886520945	0.02705068241833501	3.3817499915456253	6.678999933210001
736	12058624	10	1.8	1.886796226411321	6.0	0.0	10	5.0	5.157518783291051	18.0	0.0	-0.01981028203141651	-2.2342742902693344	0.02451181888790652	3.477249991306875	6.110999938890001
740	12124160	10	1.0	1.61245154965971	4.0	0.0	10	3.0	2.04939015319192	8.0	0.0	-0.016202735002308077	-2.2876212122640265	0.03185020650715655	3.6404999908987503	5.069999949300001
744	12189696	10	2.0	2.3664319132398464	6.0	0.0	10	4.8	4.578209256903839	16.0	0.0	-0.018026562000706726	-2.2448568565295233	0.03417527477366622	3.156249992109375	6.324999936750001
748	12255232	10	0.6	1.2806248474865698	4.0	0.0	10	3.0	2.04939015319192	6.0	0.0	-0.01656879265353291	-2.2364244185542006	0.034937408341646485	3.622249990944375	3.3379999666200004
752	12320768	10	2.0	2.9664793948382653	10.0	0.0	10	5.4	4.651881339845203	18.0	0.0	-0.01797335625991897	-2.270635780952281	0.02643386705037525	3.4949999912625	6.585999934140001
756	12386304	10	0.6	1.2806248474865698	4.0	0.0	10	5.0	5.2345009313209605	18.0	0.0	-0.01942268812409457	-2.223857511845044	0.03863541414791597	3.2764999918087505	4.471999955280001
760	12451840	10	2.0	1.5491933384829668	4.0	0.0	10	4.0	5.138093031466052	18.0	0.0	-0.01758347429433293	-2.268098637225402	0.03297335022600553	3.7552499906118753	5.922999940770001
764	12517376	10	2.0	2.8284271247461903	10.0	0.0	10	2.8	2.5612496949731396	8.0	0.0	-0.01786196770804438	-2.2510437217990167	0.0332740133321953	3.499249991251875	5.609999943900001
768	12582912	10	1.0	1.3416407864998738	4.0	0.0	10	4.4	4.543126676640219	16.0	0.0	-0.018652801562466553	-2.2556389642392385	0.023976863407903875	3.1659999920849997	4.566999954330001
772	12648448	10	1.4	1.8000000000000003	4.0	0.0	10	5.0	4.669047011971501	18.0	0.0	-0.018016607704888138	-2.230583640203979	0.038221905469638245	3.6519999908700003	3.3309999666900003
776	12713984	10	0.8	1.32664991614216	4.0	0.0	10	4.0	2.3664319132398464	8.0	0.0	-0.018707765623297762	-2.2314365479012497	0.03879188885508217	3.31949999170125	4.390999956090001
780	12779520	10	1.2	2.0396078054371136	6.0	0.0	10	4.8	2.85657137141714	10.0	0.0	-0.018283862827264998	-2.2273129868174086	0.0341303250716837	3.501749991245625	6.055999939440001
784	12845056	10	2.2	1.8867962264113207	6.0	0.0	10	4.0	5.059644256269407	18.0	0.0	-0.01941359234276798	-2.247721664373387	0.027813760133977745	3.6157499909606248	3.8999999610000007
788	12910592	10	1.6	2.4979991993593593	6.0	0.0	10	3.8	2.6	8.0	0.0	-0.01977028261935841	-2.2593162901829613	0.02307703388459255	3.151249992121875	6.089999939100001
792	12976128	10	1.8	3.515679166249389	12.0	0.0	10	3.0	1.61245154965971	6.0	0.0	-0.018170175776127135	-2.2539461625254713	0.026505008909496287	3.581249991046875	6.123999938760001
796	13041664	10	3.2	4.833218389437829	16.0	0.0	10	3.6	3.32264954516723	12.0	0.0	-0.017691331149738986	-2.2409768598924242	0.027458346174342712	3.5044999912387502	6.720999932790001
800	13107200	10	0.4	0.8000000000000002	2.0	0.0	10	6.0	4.1952353926806065	16.0	2.0	-0.01753490717782523	-2.2335827522136684	0.02142354380116222	3.2874999917812495	4.387999956120001
804	13172736	10	1.8	2.2715633383201097	6.0	0.0	10	6.8	6.99714227381436	22.0	0.0	-0.018079333015153673	-2.2157202981587893	0.03149765459880578	3.4849999912875003	4.989999950100001
808	13238272	10	2.2	3.026549190084311	10.0	0.0	10	1.8	2.2715633383201097	6.0	0.0	-0.015723962193259552	-2.2000041477574035	0.03678791835753744	3.161249992096875	6.73599993264
812	13303808	10	0.6	0.9165151389911679	2.0	0.0	10	6.2	5.617828762075256	18.0	0.0	-0.016623465277094577	-2.1664494000602077	0.03524382736089147	3.61149999097125	5.974999940250001
816	13369344	10	1.0	1.61245154965971	4.0	0.0	10	3.8	2.08806130178211	6.0	0.0	-0.017196219599430886	-2.217586435146599	0.02759388558434354	3.55249999111875	1.9289999807100005
820	13434880	10	2.4	2.33238075793812	6.0	0.0	10	3.8	2.08806130178211	6.0	0.0	-0.01623005479220816	-2.19088406589654	0.051702381339126434	3.3382499916543744	6.400999935990001
824	13500416	10	1.6	2.4979991993593593	8.0	0.0	10	6.2	5.546169849544819	16.0	0.0	-0.01750455732750363	-2.233847521012787	0.04070999985136712	3.64799999088	4.564999954350001
828	13565952	10	1.8	2.6	8.0	0.0	10	5.4	5.868560300448483	16.0	0.0	-0.018698976940739485	-2.2520667833724155	0.030882577680249237	3.6944999907637497	4.244999957550001
832	13631488	10	1.2	1.6	4.0	0.0	10	5.6	4.17612260356422	16.0	0.0	-0.01813343896894651	-2.2083544008616975	0.037487386838353336	3.2004999919987505	5.448999945510001
836	13697024	10	1.2	1.8330302779823362	6.0	0.0	10	3.6	2.1540659228538015	8.0	0.0	-0.018562591268959275	-2.2357149991051037	0.026679099088394383	3.613999990965	6.174999938250001
840	13762560	10	1.8	3.026549190084311	10.0	0.0	10	7.0	6.708203932499369	18.0	0.0	-0.017035441384040395	-2.229673154419861	0.032064423330358215	3.513749991215625	3.9449999605500006
844	13828096	10	1.4	2.009975124224178	6.0	0.0	10	3.2	2.5612496949731396	8.0	0.0	-0.017950581792269143	-2.2098293774011557	0.03020938211970137	3.178249992054375	5.424999945750001
848	13893632	10	1.6	1.7435595774162693	6.0	0.0	10	1.8	2.08806130178211	6.0	0.0	-0.01794509877855614	-2.223746835953815	0.029907633120493545	3.711749990720625	5.702999942970001
852	13959168	10	1.8	2.2715633383201097	6.0	0.0	10	4.6	2.973213749463701	10.0	0.0	-0.018723448717102856	-2.2259175576434487	0.031606302651544	3.319749991700625	6.792999932070002
856	14024704	10	1.6	2.4979991993593593	8.0	0.0	10	6.0	5.291502622129181	16.0	0.0	-0.018624989279972852	-2.2174199444725975	0.02488841219002655	3.321749991695625	5.669999943300001
860	14090240	10	1.8	2.08806130178211	6.0	0.0	10	2.6	2.2	8.0	0.0	-0.01694956390146404	-2.2463929352804506	0.02475596768135617	3.78549999053625	4.254999957450001
864	14155776	10	1.6	2.3323807579381204	6.0	0.0	10	3.2	2.85657137141714	10.0	0.0	-0.018880577033242744	-2.260981648924866	0.022674621914790215	3.30449999173875	1.7919999820800003
868	14221312	10	1.6	2.3323807579381204	8.0	0.0	10	4.8	4.749736834815167	18.0	0.0	-0.01820291831298331	-2.2826927351560613	0.03477795219928351	3.626749990933125	3.2269999677300003
872	14286848	10	0.6	1.2806248474865698	4.0	0.0	10	4.2	1.8867962264113207	8.0	2.0	-0.01818577490416871	-2.219174213476283	0.047639954752603755	3.33599999166	3.9729999602700006
876	14352384	10	1.0	1.3416407864998738	4.0	0.0	10	5.6	4.2708313008125245	16.0	0.0	-0.016340641371057365	-2.2476763077222444	0.03556938461278406	3.459249991351875	5.821999941780001
880	14417920	10	2.0	2.5298221281347035	8.0	0.0	10	6.0	5.727128425310541	16.0	0.0	-0.018669072296562974	-2.19707422183913	0.039532769835937454	3.7149999907124998	6.174999938250001
884	14483456	10	2.8	2.4000000000000004	6.0	0.0	10	5.6	5.571355310873648	16.0	0.0	-0.015089340069854898	-2.212111294039133	0.03984097020363174	3.1687499920781255	4.649999953500001
888	14548992	10	1.2	2.0396078054371136	6.0	0.0	10	3.4	4.386342439892262	16.0	0.0	-0.01981137944833877	-2.1882217474485914	0.03118543357573943	3.7924999905187504	4.162999958370001
892	14614528	10	1.4	1.8	6.0	0.0	10	4.4	4.882622246293481	18.0	0.0	-0.019438993445668167	-2.20920899487371	0.03462507796578784	3.1244999921887504	4.247999957520001
896	14680064	10	2.4	5.3516352641038605	18.0	0.0	10	5.2	5.528109984434102	20.0	0.0	-0.01723352165635594	-2.1881690768108304	0.03387965007409822	3.72049999069875	3.4049999659500005
900	14745600	10	1.4	1.2806248474865698	4.0	0.0	10	4.6	2.835489375751565	10.0	0.0	-0.01938894976087431	-2.1924886179666725	0.029214608809816713	3.15949999210125	5.224999947750001
904	14811136	10	2.0	1.7888543819998317	4.0	0.0	10	3.8	2.749545416973504	8.0	0.0	-0.015772058583200837	-2.2089369965278864	0.04369497760519956	3.404749991488125	5.8349999416500005
908	14876672	10	1.2	1.32664991614216	4.0	0.0	10	5.8	4.044749683231337	16.0	0.0	-0.018570254375426674	-2.1997749107771485	0.02905244669031091	3.7034999907412502	5.5949999440500005
912	14942208	10	0.2	0.6000000000000001	2.0	0.0	10	3.4	3.352610922848042	12.0	0.0	-0.018627367075047516	-2.201888777086253	0.027359501591672396	3.15549999211125	6.381999936180001
916	15007744	10	2.8	2.7129319932501077	10.0	0.0	10	3.8	2.891366458960192	8.0	0.0	-0.018345688133102906	-2.1972424509819373	0.027315621668887135	3.613999990965	5.867999941320002
920	15073280	10	3.2	2.5612496949731396	6.0	0.0	10	6.2	6.289674077406556	18.0	0.0	-0.015882896192288984	-2.19997364756397	0.03145767517137793	3.286249991784375	6.384999936150001
924	15138816	10	3.8	5.095095681142799	18.0	0.0	10	4.0	2.5298221281347035	8.0	0.0	-0.016255835666141298	-2.273559378844102	0.02470337949474681	3.4219999914450003	3.6989999630100003
928	15204352	10	2.4	5.9194594347794975	20.0	0.0	10	5.0	5.310367218940701	20.0	0.0	-0.016770188716763428	-2.235587698485038	0.03126496621469942	3.6642499908393753	1.6389999836100002
932	15269888	10	1.8	1.8867962264113207	6.0	0.0	10	4.6	2.6907248094147422	10.0	0.0	-0.01744692762258797	-2.238708443706487	0.030304305349269124	3.29849999175375	6.472999935270001
936	15335424	10	1.4	2.1999999999999997	6.0	0.0	10	4.2	5.758472019555188	18.0	0.0	-0.0173691347475542	-2.2061061583644874	0.03144007045836202	3.6689999908275004	4.189999958100001
940	15400960	10	2.0	1.7888543819998317	4.0	0.0	10	4.4	2.154065922853802	8.0	0.0	-0.018311174191606164	-2.1949351601499756	0.027846899152316192	3.4037499914906246	6.879999931200001
944	15466496	10	2.0	3.0983866769659336	10.0	0.0	10	4.2	3.4	12.0	0.0	-0.01770832817477502	-2.2072961626137775	0.02878783632274419	3.293749991765625	4.90599995094
948	15532032	10	2.0	2.5298221281347035	8.0	0.0	10	3.4	5.063595560468865	18.0	0.0	-0.017391310052221158	-2.258042846881575	0.026286877281553912	3.84649999038375	6.585999934140001
952	15597568	10	1.2	1.5999999999999999	4.0	0.0	10	4.0	2.5298221281347035	8.0	0.0	-0.016790207888404414	-2.232862593994406	0.031101497760062435	3.2447499918881255	7.859999921400002
956	15663104	10	3.0	2.569046515733026	8.0	0.0	10	3.0	2.8635642126552705	8.0	0.0	-0.0178419402781915	-2.1935247006714267	0.03126134797799104	3.3949999915124995	5.449999945500001
960	15728640	10	3.2	4.664761515876241	16.0	0.0	10	7.6	4.8	20.0	0.0	-0.0169289281409217	-2.263641612989346	0.03129827973960527	3.815249990461875	5.143999948560001
964	15794176	10	2.6	5.370288632839021	18.0	0.0	10	4.0	3.4641016151377544	12.0	0.0	-0.01798576444277694	-2.2255441643462923	0.02706379196712713	3.149749992125625	3.3189999668100003
968	15859712	10	0.6	1.2806248474865698	4.0	0.0	10	5.8	7.011419257183241	20.0	0.0	-0.016171879104283828	-2.215766099361241	0.041645322262317604	3.19249999201875	6.451999935480001
972	15925248	10	0.6	0.9165151389911681	2.0	0.0	10	2.6	1.8	6.0	0.0	-0.018791442430648297	-2.2681466264150214	0.022552849518812732	3.36049999159875	6.420999935790001
976	15990784	10	3.6	2.65329983228432	6.0	0.0	10	3.0	3.3763886032268267	12.0	0.0	-0.017345828732395607	-2.2320773499865827	0.03502492833284896	3.5167499912081253	6.278999937210001
980	16056320	10	1.8	1.886796226411321	4.0	0.0	10	5.2	6.337191807101945	18.0	0.0	-0.016549305088821013	-2.225334087775803	0.03514875791367951	3.76149999059625	6.286999937130001
984	16121856	10	2.8	3.1240998703626617	10.0	0.0	10	5.0	5.310367218940701	18.0	0.0	-0.017124737493491308	-2.225098053382517	0.03267790762910468	3.6899999907749996	6.241999937580001
988	16187392	10	2.8	5.2306787322488075	18.0	0.0	10	4.0	2.6832815729997477	8.0	0.0	-0.017078843121190023	-2.240347891812605	0.03107497598264148	3.6639999908400003	6.544999934550001
992	16252928	10	2.4	1.9595917942265426	6.0	0.0	10	4.0	3.687817782917155	12.0	0.0	-0.01551568308140269	-2.27860486732033	0.030938366075548902	3.645999990885	6.487999935120001
996	16318464	10	2.0	2.1908902300206643	6.0	0.0	10	5.8	5.546169849544819	16.0	0.0	-0.016330973136788305	-2.2040857918748107	0.0362499873504156	3.59049999102375	5.270999947290001
1000	16384000	10	1.0	1.8439088914585775	6.0	0.0	10	2.6	1.8	6.0	0.0	-0.01723641539443561	-2.1414032874260918	0.041686889594735016	3.8084999904787495	5.238999947610001
1004	16449536	10	2.0	3.22490309931942	10.0	0.0	10	5.4	4.983974317750844	18.0	0.0	-0.016668085191447635	-2.1655291937519388	0.03066787334848492	3.634749990913125	6.501999934980001
1008	16515072	10	2.2	2.7495454169735045	8.0	0.0	10	2.8	2.5612496949731396	8.0	0.0	-0.017039016692598864	-2.1884778636401108	0.03098987653761528	3.5869999910324997	6.255999937440001
1012	16580608	10	2.8	1.6	6.0	0.0	10	6.4	6.437390775772433	20.0	0.0	-0.018129253731413227	-2.1677113570498414	0.03233269630827349	3.361249991596875	6.058999939410001
1016	16646144	10	1.2	1.8330302779823362	6.0	0.0	10	7.4	7.158212067269313	20.0	0.0	-0.01701438110290046	-2.203593561817146	0.03098733673364308	3.4629999913425	5.275999947240001
1020	16711680	10	2.8	1.6	4.0	0.0	10	3.0	2.569046515733026	8.0	0.0	-0.01514152513930864	-2.154045760407181	0.03504808448510859	3.474749991313125	6.6509999334900005
1024	16777216	10	1.0	1.61245154965971	4.0	0.0	10	9.0	6.212889826803627	16.0	0.0	-0.01726503022233003	-2.1367073578396933	0.039415972497244114	3.62249999094375	6.454999935450001
1028	16842752	10	1.6	1.9595917942265424	6.0	0.0	10	8.8	7.05407683541936	22.0	0.0	-0.0168219735285129	-2.1491517074650974	0.03641160024183563	3.644749990888125	5.998999940010001
1032	16908288	10	1.6	2.154065922853802	6.0	0.0	10	4.8	2.5612496949731396	8.0	0.0	-0.01604963034166012	-2.0997951475578747	0.03299317560979144	3.73599999066	6.001999939980001
1036	16973824	10	1.6	2.154065922853802	6.0	0.0	10	3.8	2.891366458960192	8.0	0.0	-0.016252586109481142	-2.1442468735328903	0.036470844736404225	3.6569999908575	3.929999960700001
1040	17039360	10	1.6	2.4979991993593593	8.0	0.0	10	5.8	5.758472019555187	16.0	0.0	-0.016585365943774775	-2.188154746860817	0.029240740828740234	3.53549999116125	5.411999945880001
1044	17104896	10	0.2	0.6000000000000001	2.0	0.0	10	2.6	2.6907248094147422	8.0	0.0	-0.017515055307128286	-2.1746163440465676	0.02886048442150653	3.2994999917512495	4.297999957020001
1048	17170432	10	2.2	3.026549190084311	10.0	0.0	10	5.0	4.312771730569565	16.0	0.0	-0.01756020681264586	-2.1880632338628816	0.02765722630723062	3.4892499912768753	6.790999932090002
1052	17235968	10	2.4	2.8000000000000003	8.0	0.0	10	5.8	5.89576118919347	18.0	0.0	-0.01703141238557026	-2.1828167858432876	0.032974774751792196	3.61049999097375	5.902999940970001
1056	17301504	10	1.0	1.3416407864998738	4.0	0.0	10	7.4	6.003332407921453	16.0	0.0	-0.016315458629346434	-2.196939972310895	0.027595765197025734	3.74799999063	4.150999958490001
1060	17367040	10	1.2	1.32664991614216	4.0	0.0	10	4.6	2.3748684174075834	10.0	0.0	-0.017603949489042658	-2.1830853743067253	0.03215770112636489	3.4847499912881252	4.68499995315
1064	17432576	10	2.6	3.2310988842807027	10.0	0.0	10	5.4	3.2310988842807027	10.0	0.0	-0.0167595549920229	-2.211360580988846	0.021995389104159414	3.6214999909462504	5.5629999443700004
1068	17498112	10	2.4	4.715930449020639	16.0	0.0	10	5.4	5.0635955604688645	18.0	0.0	-0.016455298462565528	-2.2046239895312274	0.025994162751603187	3.507249991231875	5.079999949200001
1072	17563648	10	0.8	1.32664991614216	4.0	0.0	10	7.4	7.539230729988305	18.0	0.0	-0.01290808532077936	-2.139473028258145	0.04034028366796798	3.4609999913475002	3.9489999605100006
1076	17629184	10	0.2	0.6000000000000001	2.0	0.0	10	7.0	5.458937625582473	18.0	0.0	-0.01531726002174674	-2.213160683480832	0.03287282328671456	3.7322499906693754	6.001999939980001
1080	17694720	10	0.4	0.8000000000000002	2.0	0.0	10	6.8	6.823488843692792	18.0	0.0	-0.015437538617545123	-2.1836351774841836	0.03273448097411423	3.7482499906293754	5.116999948830001
1084	17760256	10	1.8	2.2715633383201097	6.0	0.0	10	3.8	1.8867962264113207	8.0	0.0	-0.015892511207778737	-2.2201544242771463	0.028955400685557527	3.5802499910493744	4.77299995227
1088	17825792	10	1.2	1.5999999999999999	4.0	0.0	10	6.4	3.7735924528226414	16.0	2.0	-0.016834268415009557	-2.225644729799652	0.025756274842069677	3.27249999181875	5.272999947270001
1092	17891328	10	1.6	1.9595917942265426	6.0	0.0	10	4.0	4.979959839195493	16.0	0.0	-0.015278235265441385	-2.1748401470700416	0.025370122522655005	3.4889999912775003	1.9079999809200001
1096	17956864	10	2.4	3.32264954516723	10.0	0.0	10	3.0	2.4083189157584592	8.0	0.0	-0.016007363731508396	-2.228984330859059	0.02433151252857586	3.579749991050625	6.180999938190001
1100	18022400	10	1.2	1.32664991614216	4.0	0.0	10	3.4	2.2	6.0	0.0	-0.015808631640104733	-2.2022690522363537	0.027676593548218803	3.57049999107375	6.307999936920001
1104	18087936	10	1.6	2.3323807579381204	8.0	0.0	10	8.2	6.660330322138685	18.0	0.0	-0.01527632423153624	-2.1563959218798927	0.028435891607608177	3.71849999070375	3.4609999653900005
1108	18153472	10	3.0	2.23606797749979	6.0	0.0	10	3.6	2.65329983228432	8.0	0.0	-0.016614435207366513	-2.1809532267563645	0.027187132758826484	3.4907499912731255	6.3789999362100005
1112	18219008	10	0.8	0.9797958971132713	2.0	0.0	10	6.2	5.473572873361604	16.0	0.0	-0.01524448616533301	-2.2791851259877385	0.028494342149681995	3.599749991000625	3.0089999699100005
1116	18284544	10	1.0	1.8439088914585775	6.0	0.0	10	4.6	2.973213749463701	10.0	0.0	-0.015504184621226401	-2.2223139080077146	0.029638053691031757	3.3134999917162498	3.0079999699200006
1120	18350080	10	0.8	1.32664991614216	4.0	0.0	10	3.4	2.009975124224178	8.0	0.0	-0.01669370577482189	-2.1627630266281144	0.03296330648441468	3.71349999071625	3.8029999619700003
1124	18415616	10	2.2	2.08806130178211	6.0	0.0	10	4.4	2.8	10.0	0.0	-0.01624802506873712	-2.179639475813953	0.03779506937129363	3.5489999911275003	3.8479999615200007
1128	18481152	10	0.6	0.9165151389911679	2.0	0.0	10	9.8	7.068238818828917	18.0	0.0	-0.015106512958424427	-2.192740455041403	0.03265203420741601	3.2612499918468756	3.9119999608800007
1132	18546688	10	1.8	1.4000000000000001	4.0	0.0	10	6.8	6.337191807101943	18.0	0.0	-0.01653020426914744	-2.146415814533762	0.02837775410633472	3.688749990778125	3.5489999645100005
1136	18612224	10	1.4	2.009975124224178	6.0	0.0	10	2.6	2.009975124224178	6.0	0.0	-0.01565681605844182	-2.2053000403133605	0.024378169558265567	3.6879999907800003	6.473999935260001
1140	18677760	10	1.2	1.8330302779823362	4.0	0.0	10	5.0	5.458937625582473	20.0	0.0	-0.017609899318494864	-2.221045334902511	0.026749267744528883	3.355749991610625	4.163999958360001
1144	18743296	10	2.2	2.4413111231467406	8.0	0.0	10	5.8	4.770744176750625	18.0	0.0	-0.015673231118433467	-2.175913542282421	0.032627920112278275	3.4984999912537496	1.8789999812100002
1148	18808832	10	0.4	0.8000000000000002	2.0	0.0	10	7.2	5.74108003776293	20.0	2.0	-0.01626409035889437	-2.2093196434461433	0.033736657755194806	3.4767499913081252	3.5599999644000007
1152	18874368	10	2.2	2.2715633383201097	8.0	0.0	10	7.8	5.3999999999999995	18.0	2.0	-0.015734899504906183	-2.159185322397543	0.036950778406300074	3.4272499914318755	4.53099995469
1156	18939904	10	1.6	2.154065922853802	6.0	0.0	10	2.6	1.8	6.0	0.0	-0.01642219359029616	-2.2075914887274473	0.03453288044575995	3.3884999915287497	6.1819999381800015
1160	19005440	10	1.6	2.4979991993593593	8.0	0.0	10	3.4	2.537715508089904	8.0	0.0	-0.017128888433373065	-2.1884923972393273	0.03264847137469953	3.7734999905662505	5.65299994347
1164	19070976	10	1.2	1.6	4.0	0.0	10	8.0	5.585696017507576	20.0	2.0	-0.01606545402636886	-2.159130376849173	0.03492762460397563	3.5847499910381253	3.8399999616000007
1168	19136512	10	1.6	2.1540659228538015	6.0	0.0	10	5.4	4.386342439892262	16.0	0.0	-0.01622544658870689	-2.21386415985014	0.0325186937858315	3.4802499912993747	6.366999936330001
1172	19202048	10	1.4	1.562049935181331	4.0	0.0	10	5.8	5.617828762075256	22.0	2.0	-0.01587042334557038	-2.2201824831636716	0.032005142087353035	3.3932499915168752	4.3899999561000005
1176	19267584	10	2.2	2.08806130178211	6.0	0.0	10	4.6	4.386342439892262	16.0	0.0	-0.014614126599850539	-2.220275101331062	0.02998793635127374	3.7202499906993753	5.858999941410001
1180	19333120	10	1.4	1.7999999999999998	6.0	0.0	10	5.4	5.063595560468865	20.0	2.0	-0.017006661532576663	-2.2056048435655486	0.02851857075869129	3.59049999102375	6.469999935300001
1184	19398656	10	1.4	1.2806248474865698	4.0	0.0	10	5.6	3.97994974842648	16.0	2.0	-0.017165115198350307	-2.178233347606257	0.03214596002027815	3.2809999917975	4.403999955960001
1188	19464192	10	0.8	1.32664991614216	4.0	0.0	10	4.6	4.737087712930805	18.0	0.0	-0.016279460926066778	-2.193983571996236	0.02963779462813561	3.4474999913812505	3.4399999656000007
1192	19529728	10	1.6	1.9595917942265424	6.0	0.0	10	8.8	5.81033561853358	18.0	2.0	-0.016544616692140246	-2.1936890803475926	0.030551810784497764	3.76449999058875	3.6969999630300006
1196	19595264	10	2.2	2.2715633383201097	6.0	0.0	10	6.8	5.878775382679627	18.0	2.0	-0.016140781515924896	-2.192045802643048	0.030395035143724675	3.4809999912975003	5.105999948940001
1200	19660800	10	1.4	1.8	6.0	0.0	10	7.8	7.453858061433689	22.0	0.0	-0.016517671315742992	-2.1558984242617463	0.031951119227421464	3.3089999917274997	2.8349999716500003
1204	19726336	10	3.2	4.48998886412873	16.0	0.0	10	5.8	7.453858061433689	20.0	0.0	-0.016146326261287612	-2.178045282534376	0.0355269036335185	3.78349999054125	3.6949999630500003
1208	19791872	10	2.4	3.2	10.0	0.0	10	4.8	5.455272678794342	20.0	0.0	-0.014675422817453352	-2.189010406305855	0.03015486011937624	3.36549999158625	6.428999935710001
1212	19857408	10	2.6	5.295280917949491	18.0	0.0	10	5.0	3.924283374069717	16.0	2.0	-0.015893715143507795	-2.179667631558026	0.031078824576167906	3.357749991605625	6.356999936430001
1216	19922944	10	1.2	2.0396078054371136	6.0	0.0	10	4.4	5.4258639865002145	20.0	0.0	-0.016174951348282268	-2.157932221664711	0.034719836254247134	3.6342499909143746	3.6999999630000007
1220	19988480	10	2.2	2.891366458960192	10.0	0.0	10	5.4	4.386342439892262	18.0	2.0	-0.01683311858572663	-2.176481654019931	0.03200993242262529	3.6919999907700003	6.246999937530001
1224	20054016	10	2.6	4.737087712930805	16.0	0.0	10	5.2	5.075431016179809	18.0	0.0	-0.01708544171382815	-2.1516332673772025	0.03759914374285806	3.44399999139	5.238999947610001
1228	20119552	10	1.6	2.1540659228538015	6.0	0.0	10	3.6	2.65329983228432	8.0	0.0	-0.016152900823863062	-2.179369484157837	0.0346232590539947	3.5869999910324997	3.9969999600300006
1232	20185088	10	1.4	1.562049935181331	4.0	0.0	10	2.6	2.3748684174075834	8.0	0.0	-0.015823674475105697	-2.179542089274981	0.02674904647780722	3.8609999903474996	6.611999933880001
1236	20250624	10	1.0	1.3416407864998738	4.0	0.0	10	6.0	5.440588203494177	16.0	0.0	-0.013606413361935625	-2.211700978148069	0.033067804990617025	3.9629999900925004	6.408999935910001
1240	20316160	10	2.8	2.039607805437114	6.0	0.0	10	4.2	4.770744176750625	16.0	0.0	-0.01599312768742942	-2.2350579771058134	0.026417092689044738	4.255749989360625	6.243999937560001
1244	20381696	10	2.4	2.9393876913398134	8.0	0.0	10	4.4	2.65329983228432	8.0	0.0	-0.016400054995260684	-2.147982944821087	0.0395183107425272	3.8512499903718753	3.7089999629100006
1248	20447232	10	1.4	1.8000000000000003	4.0	0.0	10	4.0	1.5491933384829668	6.0	2.0	-0.016639951893704027	-2.163903057349819	0.038201413404408135	3.841999990395	3.2459999675400004
1252	20512768	10	2.8	4.66476151587624	16.0	0.0	10	7.0	6.587867636800241	22.0	0.0	-0.015878754976724575	-2.1568058205384437	0.042822802919935135	3.5964999910087503	4.4619999553800005
1256	20578304	10	1.0	1.3416407864998738	4.0	0.0	10	4.8	4.214261501141095	16.0	0.0	-0.016704996747727578	-2.136952921525562	0.03724645143762919	3.1549999921125003	3.6169999638300006
1260	20643840	10	1.0	1.61245154965971	4.0	0.0	10	6.6	4.2	16.0	2.0	-0.01729341895469225	-2.1920624323389384	0.030525878185020512	3.693749990765625	5.799999942
1264	20709376	10	3.6	2.1540659228538015	6.0	0.0	10	2.2	1.8867962264113207	6.0	0.0	-0.015967757453992065	-2.1967483259932736	0.03621933610810178	3.64399999089	6.148999938510001
1268	20774912	10	1.2	0.9797958971132713	2.0	0.0	10	2.6	2.973213749463701	8.0	0.0	-0.015197431414822918	-2.1899166974130972	0.031228386095266007	3.4949999912625	4.00399995996
1272	20840448	10	1.4	1.2806248474865698	4.0	0.0	10	6.6	2.5377155080899043	12.0	4.0	-0.01456955233121757	-2.170296904715327	0.040071471570697376	3.1864999920337502	4.38699995613
1276	20905984	10	1.6	2.4979991993593593	8.0	0.0	10	4.8	1.8330302779823362	8.0	2.0	-0.017091365633595295	-2.1705726854725667	0.031238249635639963	3.65949999085125	3.4929999650700005
1280	20971520	10	1.4	1.562049935181331	4.0	0.0	10	5.0	2.7202941017470885	10.0	0.0	-0.017093720945960934	-2.159142613186039	0.02903936663340032	3.8179999904550006	6.191999938080001
1284	21037056	10	1.6	1.4966629547095764	4.0	0.0	10	7.0	6.016643582596529	18.0	2.0	-0.015547261319521567	-2.181050017248889	0.029667262838546593	3.8557499903606254	3.7429999625700003
1288	21102592	10	1.4	2.3748684174075834	8.0	0.0	10	3.6	2.9393876913398143	10.0	0.0	-0.014980028971225965	-2.108777800976116	0.034292198811034805	3.47149999132125	4.648999953510001
1292	21168128	10	1.4	2.537715508089904	8.0	0.0	10	4.4	4.2708313008125245	16.0	0.0	-0.014249315061868393	-2.1208615896876766	0.037323037915234905	3.568249991079375	6.024999939750002
1296	21233664	10	2.0	1.7888543819998317	6.0	0.0	10	4.8	5.3065996645686395	20.0	0.0	-0.015470263118515036	-2.114097545324088	0.03508379420598591	3.841999990395	3.6059999639400004
1300	21299200	10	2.4	2.6532998322843198	8.0	0.0	10	5.4	5.219195340279955	16.0	0.0	-0.015696026489909514	-2.1308229911094574	0.02698153662602308	3.4614999913462507	3.852999961470001
1304	21364736	10	0.4	0.8	2.0	0.0	10	5.2	4.57820925690384	18.0	2.0	-0.012774913000494225	-2.172634479673885	0.028236010128329683	3.4012499914968752	3.3829999661700008
1308	21430272	10	2.2	3.1559467676119	10.0	0.0	10	9.6	6.681317235396026	22.0	2.0	-0.013721049177331067	-2.264393677078248	0.02744604924330197	3.70399999074	5.999999940000001
1312	21495808	10	2.6	2.009975124224178	6.0	0.0	10	4.4	2.154065922853802	8.0	2.0	-0.01539043095020797	-2.2239451505410694	0.03359199384808801	3.57999999105	4.71699995283
1316	21561344	10	1.0	1.3416407864998738	4.0	0.0	10	7.8	6.161168720299745	22.0	0.0	-0.016873351300152946	-2.1935156531830557	0.032860207426198426	3.1437499921406253	3.5649999643500005
1320	21626880	10	2.6	2.6907248094147422	8.0	0.0	10	6.2	3.1559467676119	12.0	2.0	-0.01577040264073164	-2.1933140777250273	0.03505047385138118	3.768749990578125	5.926999940730001
1324	21692416	10	1.2	2.5612496949731396	8.0	0.0	10	6.8	4.995998398718719	16.0	0.0	-0.014432649432225837	-2.235277868574474	0.03585932323878867	3.7487499906281254	5.910999940890001
1328	21757952	10	1.4	1.562049935181331	4.0	0.0	10	3.8	3.1559467676119	10.0	0.0	-0.01341770086685747	-2.245227992300759	0.030101354347200335	3.47849999130375	5.654999943450001
1332	21823488	10	2.4	4.715930449020639	16.0	0.0	10	6.2	5.96322060635023	18.0	0.0	-0.01568898159730734	-2.206432208189009	0.03919549155960113	3.32849999167875	6.163999938360001
1336	21889024	10	1.4	2.009975124224178	6.0	0.0	10	4.4	2.939387691339814	12.0	2.0	-0.015247750409726271	-2.2063792221433363	0.036079433374229114	3.533999991165	4.222999957770001
1340	21954560	10	1.6	1.9595917942265426	6.0	0.0	10	4.6	5.0635955604688645	18.0	0.0	-0.01374986029600998	-2.2158113169348788	0.03718729939622867	3.6342499909143746	3.9009999609900006
1344	22020096	10	1.2	1.6	4.0	0.0	10	5.4	4.903060268852505	16.0	0.0	-0.01521190845316997	-2.2713841843225837	0.028279351086980046	3.390249991524375	6.404999935950001
1348	22085632	10	2.0	2.3664319132398464	8.0	0.0	10	4.0	2.6832815729997477	8.0	0.0	-0.015578463366378636	-2.2242974835304077	0.03775952091474086	3.2567499918581255	6.377999936220001
1352	22151168	10	2.6	3.4698703145794947	12.0	0.0	10	3.4	2.3748684174075834	8.0	0.0	-0.014450532576737056	-2.2485226067545265	0.026879055616750344	3.62449999093875	6.144999938550001
1356	22216704	10	1.2	1.32664991614216	4.0	0.0	10	4.4	5.71314274283428	20.0	0.0	-0.013898896487330413	-2.249087795380916	0.026566701230231575	3.5009999912475	5.2939999470600005
1360	22282240	10	1.8	2.7495454169735045	8.0	0.0	10	5.4	4.004996878900157	16.0	2.0	-0.015388948921315627	-2.261634583038936	0.026242421277548653	3.1214999921962496	5.089999949100001
1364	22347776	10	1.6	2.4979991993593593	6.0	0.0	10	6.6	7.213875518748574	22.0	0.0	-0.014867555511012914	-2.275012179972179	0.03223512280629441	3.7382499906543756	4.0889999591100015
1368	22413312	10	2.4	3.0724582991474434	10.0	0.0	10	6.8	6.337191807101942	20.0	0.0	-0.014810654823095652	-2.2392586815011466	0.027931819036409764	3.49549999126125	6.515999934840001
1372	22478848	10	2.8	2.227105745132009	6.0	0.0	10	6.4	5.782732917920384	18.0	0.0	-0.014008766574742253	-2.2355553753828854	0.03285785141291554	3.1904999920237502	6.367999936320001
1376	22544384	10	1.8	2.441311123146741	8.0	0.0	10	8.6	6.069596362197407	20.0	2.0	-0.015063683158836936	-2.286779718856229	0.028654661472851124	3.667249990831875	3.6349999636500003
1380	22609920	10	1.0	1.3416407864998738	4.0	0.0	10	6.4	6.1838499334961226	18.0	0.0	-0.014288444710804022	-2.2019216068278866	0.02927954217191643	3.430749991423125	4.292999957070001
1384	22675456	10	2.2	2.08806130178211	6.0	0.0	10	4.2	2.891366458960192	8.0	0.0	-0.015406188880875098	-2.207605483401334	0.03355234764011629	3.308749991728125	4.92799995072
1388	22740992	10	0.2	0.6000000000000001	2.0	0.0	10	6.4	5.571355310873647	22.0	2.0	-0.013965581100880767	-2.2003097184193936	0.028761855653440305	3.6649999908375	3.7659999623400005
1392	22806528	10	2.6	2.973213749463701	10.0	0.0	10	5.8	5.015974481593781	18.0	0.0	-0.015217853832161437	-2.2321502439836083	0.028352689247263724	3.67849999080375	6.390999936090001
1396	22872064	10	1.0	1.61245154965971	4.0	0.0	10	6.8	6.584831053261731	20.0	0.0	-0.013986521277788374	-2.2541295039292546	0.027101724890807696	3.17649999205875	2.3699999763000004
1400	22937600	10	0.4	0.8000000000000002	2.0	0.0	10	4.6	4.983974317750844	18.0	0.0	-0.015736118001039086	-2.218393179046496	0.02544592277968357	3.61049999097375	3.1969999680300005
1404	23003136	10	2.2	2.6	6.0	0.0	10	6.2	5.8275209137333865	18.0	0.0	-0.014874013665542505	-2.1898500569367183	0.04195720141238889	3.4562499913593747	4.292999957070001
1408	23068672	10	1.8	2.08806130178211	6.0	0.0	10	6.0	5.059644256269407	20.0	2.0	-0.014996294677635679	-2.226826744543016	0.028671725882955936	3.27249999181875	3.974999960250001
1412	23134208	10	2.4	3.32264954516723	10.0	0.0	10	9.8	7.45385806143369	20.0	0.0	-0.016004518604101542	-2.203488230475731	0.027513851903539735	3.7567499906081254	6.2299999377000015
1416	23199744	10	0.6	0.9165151389911679	2.0	0.0	10	7.2	5.74108003776293	20.0	2.0	-0.014163051299915002	-2.244223609332915	0.033993584915248565	3.3699999915750003	3.4369999656300005
1420	23265280	10	0.4	0.8000000000000002	2.0	0.0	10	7.2	5.878775382679628	18.0	0.0	-0.01535153098748962	-2.260808390640156	0.030428826922175092	3.3484999916287497	3.7679999623200002
1424	23330816	10	3.8	4.422668877499196	16.0	0.0	10	6.6	5.660388679233963	18.0	0.0	-0.015797523583560787	-2.2004362168602816	0.03621902273745801	3.8617499903456247	5.926999940730001
1428	23396352	10	1.4	2.009975124224178	6.0	0.0	10	4.8	4.214261501141095	16.0	0.0	-0.013676779517876242	-2.2117665730596374	0.030905540524866996	3.509999991225	4.4619999553800005
1432	23461888	10	1.2	0.9797958971132712	2.0	0.0	10	4.0	4.560701700396552	16.0	0.0	-0.015089570919012736	-2.199767003227609	0.03423075627877503	3.3149999917125	3.2039999679600006
1436	23527424	10	1.8	2.08806130178211	6.0	0.0	10	7.4	7.592101158440923	20.0	0.0	-0.014637301628369537	-2.198970424403172	0.03226042637498279	3.7089999907274995	4.72499995275
1440	23592960	10	1.6	1.2000000000000002	4.0	0.0	10	5.6	3.8781438859330635	16.0	2.0	-0.015148846370355656	-2.233527910973427	0.03314556332425468	3.6409999908975	6.4269999357300005
1444	23658496	10	1.8	1.8867962264113207	6.0	0.0	10	3.6	2.4979991993593593	8.0	0.0	-0.015256648350489392	-2.272917081675596	0.02387610775131065	3.5294999911762504	6.721999932780001
1448	23724032	10	1.0	1.3416407864998738	4.0	0.0	10	7.2	4.1182520563948	18.0	2.0	-0.016183851585822674	-2.2047764805642887	0.034026128469215926	3.374749991563125	3.873999961260001
1452	23789568	10	1.6	1.9595917942265424	6.0	0.0	10	4.4	2.4979991993593593	8.0	0.0	-0.01627919897097748	-2.1951362091003093	0.029893454879047168	3.510249991224375	6.4189999358100005
1456	23855104	10	0.8	1.32664991614216	4.0	0.0	10	4.6	2.2	8.0	2.0	-0.015700492227735396	-2.181855852177953	0.03015425185902103	3.502749991243125	5.321999946780001
1460	23920640	10	1.2	1.32664991614216	4.0	0.0	10	6.6	4.565084884205332	18.0	2.0	-0.01575985083357256	-2.1730623665175215	0.02203890182391584	3.6999999907500003	6.035999939640001
1464	23986176	10	2.0	1.5491933384829668	4.0	0.0	10	6.8	5.381449618829484	18.0	2.0	-0.015168402046519432	-2.2055904962308475	0.03001995161251071	3.3869999915325	4.3579999564200005
1468	24051712	10	2.8	2.4000000000000004	8.0	0.0	10	6.8	5.946427498927402	18.0	0.0	-0.014752070854511119	-2.1524501415831834	0.032490670774628076	3.3094999917262498	4.211999957880001
1472	24117248	10	1.4	1.8	6.0	0.0	10	5.0	4.669047011971501	18.0	2.0	-0.014452102248176831	-2.194517587393411	0.032551392696045824	3.796249990509375	3.2249999677500005
1476	24182784	10	4.4	5.122499389946279	18.0	0.0	10	5.2	5.528109984434102	20.0	0.0	-0.015560256938944056	-2.1695885581498366	0.03662321650196838	3.465749991335625	2.7799999722
1480	24248320	10	2.4	2.9393876913398134	8.0	0.0	10	5.0	5.0	18.0	0.0	-0.01584175367878343	-2.1747429567296916	0.036892258461291905	3.2624999918437503	7.060999929390001
1484	24313856	10	0.4	0.8000000000000002	2.0	0.0	10	5.4	4.565084884205332	18.0	2.0	-0.01724519584546051	-2.125157356040836	0.04581031975014402	3.4989999912525005	3.485999965140001
1488	24379392	10	0.4	0.8000000000000002	2.0	0.0	10	6.2	5.688585061331157	18.0	0.0	-0.016579125892137943	-2.1479687489815245	0.043382565990848845	3.4559999913599997	5.195999948040001
1492	24444928	10	3.0	2.7202941017470885	6.0	0.0	10	6.0	5.656854249492381	16.0	0.0	-0.015855381549818692	-2.1860025373804377	0.03261923294873126	3.32849999167875	6.704999932950001
1496	24510464	10	2.4	5.3516352641038605	18.0	0.0	10	3.8	3.026549190084311	10.0	0.0	-0.015595063875977932	-2.2014599365683	0.0348222517604988	3.350249991624375	4.475999955240001
1500	24576000	10	0.8	0.9797958971132712	2.0	0.0	10	8.0	7.0992957397195395	22.0	0.0	-0.013908194648205358	-2.1818770888161794	0.033266088805421486	3.682749990793125	3.457999965420001
1504	24641536	10	2.6	2.973213749463701	10.0	0.0	10	5.8	5.8275209137333865	18.0	0.0	-0.015225272194817271	-2.1788271712974043	0.038441085213826755	3.407749991480625	3.6819999631800004
1508	24707072	10	2.8	3.6	10.0	0.0	10	5.8	3.627671429443411	10.0	0.0	-0.01377590734872581	-2.225057785477922	0.0301199350183654	3.277749991805625	6.494999935050001
1512	24772608	10	0.6	0.9165151389911681	2.0	0.0	10	8.6	7.2691127381545	20.0	0.0	-0.013839251457358497	-2.1624774533244446	0.038462712347847115	3.598749991003125	3.34799996652
1516	24838144	10	0.4	0.8000000000000002	2.0	0.0	10	4.6	2.3748684174075834	8.0	0.0	-0.01617051471186152	-2.1992569936011144	0.04087373313145869	3.575749991060625	5.860999941390001
1520	24903680	10	2.2	1.886796226411321	6.0	0.0	10	8.2	5.3999999999999995	18.0	2.0	-0.015050792992293458	-2.192658987909638	0.03570464697372153	3.4902499912743745	2.2699999773000004
1524	24969216	10	1.8	1.661324772583615	4.0	0.0	10	7.2	5.81033561853358	16.0	2.0	-0.016333494724187964	-2.2395346087864714	0.03254542571231088	3.50249999124375	3.824999961750001
