iter	frame	n_test	mean_returns	std_returns	max_returns	min_returns	n_test_train	mean_returns_train	std_returns_train	max_returns_train	min_returns_train	actor_loss	entropy_loss	value_loss	training_time	evaluation_time
0	0	10	0.7	0.6403124237432849	2.0	0.0	10	1.5	1.746424919657298	5.0	0.0	0	0	0	0.0	2.7599999724
4	65536	10	2.0	2.932575659723036	10.0	0.0	10	0.6	1.2	4.0	0.0	0.007566671858937028	-2.4759483409329035	0.11972328654485057	4.72799998818	5.411999945880001
8	131072	10	1.5	2.1095023109728985	7.0	0.0	10	1.2	1.7776388834631178	5.0	0.0	-0.004085840688456942	-2.4267830622648527	0.06803095122711503	4.7104999882237495	3.7179999628200004
12	196608	10	0.2	0.6000000000000001	2.0	0.0	10	1.0	1.2649110640673518	3.0	0.0	-0.0067440942759527224	-2.4737291383153304	0.06304148886627417	4.83849998790375	2.7939999720600004
16	262144	10	2.2	2.1354156504062622	6.0	0.0	10	0.6	0.8	2.0	0.0	-0.00755544820319118	-2.4580527516625863	0.05677352561800118	4.72349998819125	5.573999944260001
20	327680	10	0.0	0.0	0.0	0.0	10	1.3	1.3453624047073711	4.0	0.0	-0.009106609831139392	-2.511148323353814	0.05026020535986109	4.52249998869375	3.3809999661900005
24	393216	10	1.0	1.0	3.0	0.0	10	1.1	1.57797338380595	5.0	0.0	-0.01034505612080025	-2.5325458543841473	0.04807698206164813	4.5682499885793755	5.2699999473000005
28	458752	10	0.6	0.9165151389911681	3.0	0.0	10	1.0	1.1832159566199232	3.0	0.0	-0.011976516309576527	-2.5628854356519994	0.057169990142440084	4.5132499887168755	2.8209999717900005
32	524288	10	2.4	2.0591260281974	6.0	0.0	10	0.8	0.9797958971132713	3.0	0.0	-0.012744261333749547	-2.5701528710429864	0.05006472571852339	4.222499989443749	4.69299995307
36	589824	10	1.3	1.3453624047073711	4.0	0.0	10	0.6	0.66332495807108	2.0	0.0	-0.012598125197252652	-2.547752340369273	0.04975818554973351	4.395749989010626	3.7739999622600005
40	655360	10	2.5	2.6172504656604803	7.0	0.0	10	0.8	1.1661903789690602	4.0	0.0	-0.013576675673095175	-2.510316483414942	0.05082566197432135	4.396499989008751	4.71499995285
44	720896	10	0.8	1.5362291495737217	5.0	0.0	10	0.8	0.8717797887081347	3.0	0.0	-0.013900903925248616	-2.483666134118605	0.05014978410774609	4.32249998919375	5.8109999418900005
48	786432	10	1.5	1.91049731745428	6.0	0.0	10	1.5	1.2041594578792296	3.0	0.0	-0.014532340732635542	-2.4801775636672323	0.04643437479294191	4.267249989331875	4.190999958090001
52	851968	10	0.7	1.1874342087037917	4.0	0.0	10	1.9	1.57797338380595	5.0	0.0	-0.014209134541524017	-2.447070240719523	0.04369869618221408	4.4969999887575	4.843999951560001
56	917504	10	0.8	0.9797958971132713	3.0	0.0	10	1.5	1.3601470508735443	4.0	0.0	-0.01340435967946611	-2.4532039460964628	0.04797159006785086	4.589999988525	1.8209999817900002
60	983040	10	1.0	1.4832396974191326	5.0	0.0	10	2.1	1.445683229480096	4.0	0.0	-0.014336314243662877	-2.4392917600713386	0.05422310546096592	4.70449998823875	2.78399997216
64	1048576	10	2.4	5.902541825349483	20.0	0.0	10	0.6	0.9165151389911681	3.0	0.0	-0.014304598922864587	-2.391062035907585	0.056022611052791875	4.6709999883225	14.694999853050003
68	1114112	10	2.1	3.2388269481403293	11.0	0.0	10	2.8	4.955804677345546	17.0	0.0	-0.014585720885403249	-2.355099856608162	0.05786729700415797	4.518249988704375	20.196999798030003
72	1179648	10	0.7	0.9	2.0	0.0	10	1.2	1.077032961426901	3.0	0.0	-0.01621715883885306	-2.374579166125265	0.05235673742754757	4.48249998879375	3.7869999621300003
76	1245184	10	1.5	1.5652475842498528	4.0	0.0	10	1.8	1.7776388834631178	6.0	0.0	-0.01470445751175781	-2.393755279232061	0.04578961796271166	4.655249988361875	5.266999947330001
80	1310720	10	1.6	2.3323807579381204	7.0	0.0	10	0.9	1.1357816691600549	4.0	0.0	-0.015947895196865628	-2.401701430229508	0.046992684399160205	4.337749989155625	3.2299999677000004
84	1376256	10	2.5	3.8013155617496426	12.0	0.0	10	1.0	1.5491933384829668	4.0	0.0	-0.01577233725601541	-2.3885478523865764	0.047370922203518746	4.386749989033126	10.333999896660002
88	1441792	10	0.6	0.66332495807108	2.0	0.0	10	2.4	3.7735924528226414	13.0	0.0	-0.015562444513808192	-2.4226720951457463	0.041391186916303946	4.3369999891575	5.141999948580001
92	1507328	10	2.4	5.589275444992849	19.0	0.0	10	2.4	2.870540018881465	10.0	0.0	-0.015470748205396463	-2.4386751500212016	0.03724768631315534	4.5829999885425	15.122999848770002
96	1572864	10	1.2	1.4	4.0	0.0	10	1.7	4.148493702538308	14.0	0.0	-0.015310721880189785	-2.406134212759831	0.041984331634489315	4.565999988585001	7.871999921280001
100	1638400	10	1.5	3.2015621187164243	11.0	0.0	10	0.8	1.2489995996796797	4.0	0.0	-0.015158395254666663	-2.383059667796014	0.04362029574046639	4.626999988432501	3.25599996744
104	1703936	10	1.9	2.0712315177207983	6.0	0.0	10	2.3	2.1	7.0	0.0	-0.01485897680289008	-2.3710493318750236	0.04498622829867686	4.465249988836875	3.986999960130001
108	1769472	10	2.2	3.0594117081556713	8.0	0.0	10	1.8	1.8867962264113207	5.0	0.0	-0.016940369851053926	-2.379269944876944	0.04038470996666362	4.390749989023126	4.098999959010001
112	1835008	10	1.8	1.661324772583615	4.0	0.0	10	3.3	3.465544690232691	12.0	0.0	-0.01555065671062549	-2.403475329029537	0.041760752264251126	4.51849998870375	7.118999928810001
116	1900544	10	1.1	1.813835714721706	6.0	0.0	10	2.2	1.9390719429665317	5.0	0.0	-0.016109080677920235	-2.365787856034367	0.03804462173712574	4.528749988678125	4.225999957740001
120	1966080	10	0.9	0.7000000000000001	2.0	0.0	10	1.6	1.5620499351813308	5.0	0.0	-0.016234776107746488	-2.3715707309557224	0.03366131664989675	4.459499988851251	3.6699999633000004
124	2031616	10	1.3	1.6155494421403513	5.0	0.0	10	1.8	2.2715633383201097	7.0	0.0	-0.015259264348289723	-2.3696362075721478	0.0386368103556756	4.4469999888825	4.8619999513800005
128	2097152	10	1.4	1.2806248474865698	4.0	0.0	10	0.6	0.9165151389911681	3.0	0.0	-0.014695006496352662	-2.358759112410412	0.0354784255383522	4.36399998909	3.417999965820001
132	2162688	10	1.7	1.9519221295943134	5.0	0.0	10	3.1	2.4677925358506134	8.0	0.0	-0.015331250929112448	-2.34899840727815	0.03828446170847672	4.6152499884618745	5.813999941860001
136	2228224	10	0.7	0.9	2.0	0.0	10	2.6	3.4698703145794947	11.0	0.0	-0.015231087825294597	-2.346260234469152	0.03825877682140174	4.5999999885	5.004999949950001
140	2293760	10	1.2	1.6	5.0	0.0	10	5.3	5.675385449465084	19.0	1.0	-0.016018131789829023	-2.3381913252222764	0.04000257991303297	4.4659999888350015	8.59099991409
144	2359296	10	3.6	3.9293765408777004	14.0	0.0	10	2.0	1.5491933384829668	6.0	0.0	-0.016231995849139737	-2.350301734858307	0.04103968200855248	4.758749988103125	10.397999896020002
148	2424832	10	2.1	3.3000000000000003	11.0	0.0	10	0.9	0.8306623862918076	2.0	0.0	-0.01572754638212429	-2.350239140047192	0.03454635664460813	4.683999988289999	6.152999938470001
152	2490368	10	1.0	1.5491933384829668	5.0	0.0	10	2.3	3.2264531609803355	10.0	0.0	-0.01572263263448432	-2.308207496760256	0.03598934009994814	4.536249988659375	6.186999938130001
156	2555904	10	3.0	5.039841267341661	17.0	0.0	10	3.2	2.5219040425836985	8.0	0.0	-0.014946270667031209	-2.270842946829284	0.04212129771425899	4.505999988735001	8.733999912660002
160	2621440	10	3.4	5.730619512757761	18.0	0.0	10	1.5	1.746424919657298	5.0	0.0	-0.015849320121728613	-2.2722950004157747	0.0366813025864747	4.44849998887875	8.870999911290001
164	2686976	10	1.8	1.6000000000000003	4.0	0.0	10	2.2	2.3151673805580453	8.0	0.0	-0.016245221311212595	-2.287986546516505	0.03171202893193786	4.40949998897625	6.796999932030001
168	2752512	10	2.2	2.8213471959331766	8.0	0.0	10	2.9	2.773084924772409	10.0	0.0	-0.016250553864185453	-2.2582963280510904	0.03467830120767898	4.535499988661251	6.990999930090001
172	2818048	10	4.8	11.830469136936202	40.0	0.0	10	3.6	4.431703961232068	16.0	0.0	-0.01565488321485373	-2.25604782478356	0.04055321553765256	4.658749988353126	27.547999724520004
176	2883584	10	1.3	1.9519221295943137	5.0	0.0	10	2.1	2.6248809496813372	8.0	0.0	-0.015972430478999714	-2.265352979066432	0.036246919942503654	4.661749988345624	6.146999938530001
180	2949120	10	0.6	1.0198039027185568	3.0	0.0	10	0.9	1.374772708486752	4.0	0.0	-0.01629719864480052	-2.2747384928280874	0.03344349312480484	4.551749988620625	3.1659999683400004
184	3014656	10	1.5	1.5	5.0	0.0	10	1.5	1.3601470508735443	4.0	0.0	-0.017126599926424915	-2.2423506103603765	0.032593285622715795	4.510749988723125	5.903999940960001
188	3080192	10	0.7	0.9	2.0	0.0	10	3.3	5.367494760127857	19.0	0.0	-0.01585102751613207	-2.2697478480756277	0.03452715302535476	4.689499988276251	3.6999999630000007
192	3145728	10	2.3	1.4177446878757827	5.0	0.0	10	2.5	1.746424919657298	6.0	0.0	-0.015653102938395516	-2.271785974265919	0.03139824258845439	4.51749998870625	5.585999944140001
196	3211264	10	2.4	1.3564659966250538	4.0	0.0	10	1.8	2.3151673805580453	7.0	0.0	-0.01681307455941444	-2.298251814900846	0.030400777232460423	4.40949998897625	4.472999955270001
200	3276800	10	5.9	11.51911454930456	40.0	0.0	10	3.2	2.638181191654584	8.0	0.0	-0.015857149964040678	-2.317316338178527	0.025800820088120388	4.2569999893574995	15.373999846260004
204	3342336	10	1.5	1.118033988749895	4.0	0.0	10	3.5	2.6172504656604803	9.0	0.0	-0.01593290593716589	-2.293135374545601	0.029969001146947363	4.4079999889799995	4.02099995979
208	3407872	10	2.4	2.6532998322843198	7.0	0.0	10	1.6	1.1135528725660044	3.0	0.0	-0.015779629537239742	-2.2746052093918028	0.03173703750420077	4.430499988923749	3.7289999627100006
212	3473408	10	4.4	6.560487786742691	23.0	0.0	10	5.3	4.920365840057018	16.0	0.0	-0.016176068489112957	-2.2643605493133907	0.034198404557855465	4.4249999889375	16.224999837750005
216	3538944	10	2.4	2.65329983228432	8.0	0.0	10	1.7	2.758622844826744	8.0	0.0	-0.015674345176683445	-2.2741966468707053	0.03714052061551489	4.693999988265	8.71499991285
220	3604480	10	1.4	0.8	3.0	0.0	10	1.4	2.1071307505705477	7.0	0.0	-0.014016359562806129	-2.2638548833753838	0.03844931661138887	4.343999989139999	8.347999916520003
224	3670016	10	2.2	1.5362291495737217	4.0	0.0	10	4.0	4.449719092257398	13.0	0.0	-0.016342931709121513	-2.277842171252917	0.030315673014406033	4.54749998863125	5.808999941910001
228	3735552	10	1.5	1.746424919657298	5.0	0.0	10	2.5	2.5787593916455256	8.0	0.0	-0.01592803767396228	-2.2166901824549465	0.030843964095584573	4.6244999884387505	3.878999961210001
232	3801088	10	2.2	1.8330302779823362	5.0	0.0	10	2.0	2.23606797749979	7.0	0.0	-0.015345997536838438	-2.2049105090586325	0.02866283305234038	4.346499989133751	5.396999946030001
236	3866624	10	1.1	1.1357816691600549	3.0	0.0	10	2.2	2.227105745132009	6.0	0.0	-0.01494642117506508	-2.2074378403708668	0.02961449460594077	4.493749988765625	9.329999906700001
240	3932160	10	1.6	1.3564659966250536	5.0	0.0	10	1.7	1.7349351572897471	5.0	0.0	-0.01581334560935119	-2.159679914289257	0.031125511796231072	4.7827499880431255	4.439999955600001
244	3997696	10	3.3	3.7696153649941526	12.0	0.0	10	8.9	11.953660527219267	40.0	0.0	-0.014687341486009689	-2.1470566638061053	0.03454202665432344	4.449749988875625	17.899999821
248	4063232	10	1.7	1.8466185312619385	6.0	0.0	10	2.2	2.821347195933177	10.0	0.0	-0.016077981122627427	-2.151826013897225	0.03244426776317057	4.612749988468125	8.167999918320001
252	4128768	10	2.0	2.6832815729997477	9.0	0.0	10	7.5	11.664047325006875	40.0	0.0	-0.015548967010138286	-2.160793830725972	0.03233631094580818	4.33449998916375	9.236999907630002
256	4194304	10	1.0	0.8944271909999159	2.0	0.0	10	1.7	1.8466185312619385	6.0	0.0	-0.015236590754516251	-2.12865368254661	0.030261383466374737	4.46849998882875	5.039999949600001
260	4259840	10	2.9	3.8065732621348554	12.0	0.0	10	2.2	2.5612496949731396	8.0	0.0	-0.016276212412293878	-2.116714569209065	0.03280728018966556	4.213999989465001	5.126999948730001
264	4325376	10	1.2	1.7776388834631176	6.0	0.0	10	3.9	4.635730794599704	17.0	0.0	-0.015744489392876322	-2.131901388144944	0.034906544718980574	4.4729999888175005	7.297999927020001
268	4390912	10	3.1	2.808914381037628	8.0	0.0	10	3.8	2.9597297173897483	10.0	0.0	-0.01677182434960961	-2.128482860601755	0.03289971874761727	4.531499988671251	5.827999941720001
272	4456448	10	7.7	11.815667564721004	40.0	0.0	10	6.2	11.469960767151735	40.0	0.0	-0.01474297550246603	-2.098159034828337	0.037420396611542686	4.475249988811875	14.362999856370001
276	4521984	10	1.6	2.3323807579381204	8.0	0.0	10	7.2	11.232096865679177	40.0	1.0	-0.01493560328007278	-2.095817364533978	0.03911850915348592	4.46049998884875	8.70299991297
280	4587520	10	2.5	4.031128874149275	11.0	0.0	10	2.8	2.638181191654584	8.0	0.0	-0.014198010710703965	-2.103643317798194	0.03857364718555684	4.3144999892137506	4.61899995381
284	4653056	10	3.1	6.378871373526824	22.0	0.0	10	1.1	1.1357816691600546	3.0	0.0	-0.01630058819694846	-2.083292017163387	0.035716352010461055	4.45199998887	7.055999929440001
288	4718592	10	1.1	0.9433981132056604	3.0	0.0	10	2.9	5.18555686498567	18.0	0.0	-0.014659984719693016	-2.107655691384272	0.03704128825340761	4.350249989124375	6.792999932070002
292	4784128	10	3.4	2.7640549922170505	10.0	0.0	10	3.6	3.8781438859330635	11.0	0.0	-0.014978931021946142	-2.1257781110973117	0.03789854489725808	4.3619999890950005	4.045999959540001
296	4849664	10	1.9	3.753664875824692	13.0	0.0	10	1.5	1.5	4.0	0.0	-0.015046164394282998	-2.187335441282035	0.03466197153347524	4.44749998888125	4.9199999508
300	4915200	10	5.6	7.876547467006087	21.0	0.0	10	6.0	11.497825881443848	40.0	0.0	-0.014579988587681132	-2.1600959273909504	0.037365507854447456	4.3382499891543755	12.389999876100003
304	4980736	10	1.8	2.3151673805580453	6.0	0.0	10	3.2	1.7204650534085253	5.0	0.0	-0.015080773796343625	-2.1328571511073444	0.04059850819917315	4.60749998848125	10.168999898310002
308	5046272	10	1.7	1.7349351572897471	6.0	0.0	10	6.7	12.083459769453448	40.0	0.0	-0.015456280810118569	-2.146969315682723	0.03670805843630272	4.452499988868751	9.55599990444
312	5111808	10	2.5	2.1095023109728985	7.0	0.0	10	9.7	12.601983970788092	40.0	0.0	-0.014397285954768791	-2.1108943072742785	0.04499463814152476	4.472749988818125	10.118999898810001
316	5177344	10	2.1	2.808914381037628	7.0	0.0	10	8.2	12.048236385463227	40.0	0.0	-0.014889517797468822	-2.070715304248402	0.04273065592415692	4.598749988503126	8.59099991409
320	5242880	10	1.0	1.2649110640673518	4.0	0.0	10	7.7	11.696580696938742	40.0	0.0	-0.013084625273375469	-2.0824845058536883	0.03903844946355896	4.6322499884193755	8.985999910140002
324	5308416	10	3.8	7.025667228100119	24.0	0.0	10	1.3	1.004987562112089	3.0	0.0	-0.014891821547548171	-2.0819999275422956	0.040866583038210696	4.221749989445625	6.54399993456
328	5373952	10	1.5	1.2041594578792296	4.0	0.0	10	5.0	5.310367218940701	17.0	0.0	-0.015212512403732949	-2.0632537278370577	0.040609585854340866	4.820249987949375	6.017999939820001
332	5439488	10	1.1	1.1357816691600549	3.0	0.0	10	3.4	2.8	10.0	0.0	-0.015061713974265886	-2.113489602782711	0.0386279957561563	4.4574999888562505	3.461999965380001
336	5505024	10	2.8	4.975942121849892	17.0	0.0	10	4.4	4.862098312457287	18.0	0.0	-0.015505800608987024	-2.120562135952356	0.03513067599485693	4.618249988454375	9.484999905150001
340	5570560	10	11.1	14.72718574609555	40.0	0.0	10	7.7	5.762811813689565	21.0	0.0	-0.014599873319027974	-2.0947917374773275	0.034249260629995365	4.268249989329375	11.604999883950002
344	5636096	10	1.6	1.42828568570857	4.0	0.0	10	4.3	5.235456045083369	19.0	1.0	-0.014619435347102746	-2.16587161250203	0.029301936599322873	4.581749988545625	8.030999919690002
348	5701632	10	6.9	11.352973178863765	40.0	0.0	10	3.0	3.492849839314596	11.0	0.0	-0.01498562326343471	-2.1833154283673193	0.03313135850130983	4.433749988915625	7.661999923380002
352	5767168	10	4.5	5.714017850864661	18.0	0.0	10	2.7	3.318132004607412	10.0	0.0	-0.013933144110588607	-2.189224776894294	0.03173275850382703	4.619499988451251	7.9709999202900015
356	5832704	10	2.9	2.913760456866693	10.0	0.0	10	5.7	5.292447448959697	17.0	0.0	-0.01483707543802727	-2.211191701162	0.03488667130417314	4.58949998852625	7.335999926640001
360	5898240	10	3.2	6.43117407632541	22.0	0.0	10	4.8	4.686149805543993	17.0	0.0	-0.01419460876881287	-2.2162262000318482	0.030931450597979474	4.2984999892537505	8.537999914620002
364	5963776	10	2.0	1.8973665961010275	5.0	0.0	10	4.0	5.215361924162119	18.0	0.0	-0.013856924501317673	-2.228584967321471	0.03471455109564951	4.379499989051251	7.078999929210001
368	6029312	10	4.5	7.940403012442126	28.0	0.0	10	5.6	5.642694391866353	20.0	0.0	-0.014650851896466217	-2.202638439604676	0.03728255157669076	4.337249989156875	14.079999859200003
372	6094848	10	1.8	2.5612496949731396	8.0	0.0	10	4.4	3.6932370625238775	11.0	0.0	-0.015075651624047181	-2.191482516398237	0.032138461437764304	4.562999988592501	7.2299999277000015
376	6160384	10	0.6	0.9165151389911679	2.0	0.0	10	1.7	2.6476404589747453	9.0	0.0	-0.014374543872406302	-2.204195168881489	0.029188821011597244	4.51449998871375	3.3539999664600004
380	6225920	10	1.3	1.1874342087037917	4.0	0.0	10	5.9	11.759676866308869	41.0	0.0	-0.015189477196078749	-2.187647692631293	0.029867328894317827	4.261749989345625	9.005999909940002
384	6291456	10	3.4	4.152107898405339	12.0	0.0	10	7.1	11.211155159036913	40.0	0.0	-0.01528014319129997	-2.206561277080203	0.02971825591211772	4.401749988995625	11.921999880780003
388	6356992	10	3.4	7.6183987818963645	26.0	0.0	10	3.9	3.5341194094144583	12.0	0.0	-0.015145200434076633	-2.202054011095661	0.028823976557182853	4.429999988925	9.088999909110003
392	6422528	10	0.7	0.6403124237432849	2.0	0.0	10	5.1	5.3188344587888805	15.0	0.0	-0.01563583788405824	-2.1915050370198528	0.030325237794259108	4.680749988298125	4.912999950870001
396	6488064	10	3.6	2.8000000000000003	8.0	0.0	10	9.8	15.419468213917108	40.0	0.0	-0.014234751708836172	-2.2201782909703227	0.031015999068690077	4.38949998902625	9.377999906220001
400	6553600	10	2.4	3.1685959035509716	10.0	0.0	10	1.9	1.57797338380595	5.0	0.0	-0.014154416015158426	-2.24238748080022	0.028052309156422567	4.555749988610626	6.621999933780001
404	6619136	10	5.2	4.214261501141095	16.0	0.0	10	5.4	6.959885056522127	24.0	0.0	-0.014564709930405297	-2.1954455075361237	0.029511324767208854	4.6829999882925	8.78299991217
408	6684672	10	6.1	11.579723658188048	40.0	0.0	10	6.2	5.2687759489277965	17.0	0.0	-0.014741731095435405	-2.1688837183242797	0.03211462964978197	4.418749988953126	11.998999880010002
412	6750208	10	6.6	7.722693830523129	27.0	0.0	10	5.0	11.74734012447073	40.0	0.0	-0.014613311013508459	-2.1791521631394817	0.03262204796822551	4.3694999890762505	12.578999874210002
416	6815744	10	0.8	0.7483314773547882	2.0	0.0	10	6.0	11.61895003862225	40.0	0.0	-0.015885149564850477	-2.1917204730413173	0.03465200686699174	4.638249988404375	6.844999931550001
420	6881280	10	4.9	6.7446274915669	24.0	0.0	10	4.6	6.019966777316965	20.0	0.0	-0.015296978772537839	-2.1486762983348915	0.03564130374790503	4.35849998910375	13.022999869770002
424	6946816	10	1.0	1.0954451150103321	3.0	0.0	10	9.3	11.602154972245458	40.0	0.0	-0.015858179000300628	-2.1573103266694043	0.04007450385998724	4.433999988915001	9.387999906120001
428	7012352	10	3.2	4.833218389437829	17.0	0.0	10	8.6	11.22675376054895	40.0	2.0	-0.01562144702215316	-2.1787707877869797	0.03460097799570915	4.412249988969375	11.147999888520001
432	7077888	10	0.9	1.044030650891055	3.0	0.0	10	7.0	11.64474130240771	40.0	0.0	-0.01581710628020582	-2.163740927748993	0.03343148467093155	4.475749988810625	8.47499991525
436	7143424	10	2.5	3.52845575287547	11.0	0.0	10	3.6	4.340506882842141	15.0	0.0	-0.013965659205860428	-2.1865715829240493	0.03712461457666725	4.54249998864375	8.126999918730002
440	7208960	10	2.1	3.5057096285916205	12.0	0.0	10	4.6	5.219195340279955	18.0	0.0	-0.015106606678821787	-2.2182488737179833	0.038150820508505746	4.26799998933	9.095999909040001
444	7274496	10	5.4	4.94368283772331	14.0	0.0	10	5.6	6.343500610861483	22.0	0.0	-0.014784488764817095	-2.1968055091993492	0.03241711524753602	4.500249988749375	26.329999736700003
448	7340032	10	3.0	4.049691346263317	12.0	0.0	10	7.8	11.478675881825398	40.0	0.0	-0.01488419418300989	-2.2162939109083064	0.03430043401149743	4.4972499887568755	9.398999906010001
452	7405568	10	0.9	1.2206555615733703	4.0	0.0	10	2.5	2.9410882339705484	8.0	0.0	-0.015167317472875022	-2.2698538772880914	0.029282493474947418	4.59599998851	6.661999933380001
456	7471104	10	5.0	11.721774609674084	40.0	0.0	10	12.1	14.821943192442752	40.0	0.0	-0.014398438270003902	-2.256741277638439	0.028859703720955886	4.4572499888568755	13.421999865780002
460	7536640	10	6.8	11.574109036984229	40.0	0.0	10	5.4	6.406246951218788	18.0	1.0	-0.014544398134301015	-2.236849233275105	0.029886350071359362	4.332249989169375	15.063999849360002
464	7602176	10	2.6	2.65329983228432	7.0	0.0	10	7.1	6.7889616289974715	22.0	0.0	-0.016057561768467062	-2.238180152838736	0.026224735714091743	4.56399998859	10.172999898270001
468	7667712	10	8.1	12.259282197584	40.0	0.0	10	8.9	5.7870545184921145	19.0	0.0	-0.01394365267915691	-2.20149993128494	0.030226862908607207	4.48949998877625	12.427999875720003
472	7733248	10	6.0	11.46298390472568	40.0	0.0	10	5.4	6.3118935352238	21.0	0.0	-0.014465683693751884	-2.172589927685447	0.030246408342647982	4.286749989283125	13.086999869130002
476	7798784	10	5.8	7.871467461661771	27.0	0.0	10	2.3	2.2825424421026654	8.0	0.0	-0.012735011850243694	-2.1588784752027443	0.03289259131655192	4.60449998848875	9.746999902530002
480	7864320	10	7.4	11.714947716485977	40.0	0.0	10	5.2	6.063002556489647	22.0	1.0	-0.014646805661252496	-2.141436360553358	0.03023300730929259	4.225999989435	15.606999843930002
484	7929856	10	3.3	3.55105618091294	12.0	0.0	10	12.7	15.179262169156969	40.0	0.0	-0.014596531426827722	-2.156089260949609	0.02838435869678724	4.2389999894025	10.141999898580002
488	7995392	10	1.4	1.42828568570857	4.0	0.0	10	3.3	2.6851443164195103	8.0	0.0	-0.012466157511188508	-2.165959370407345	0.03586535964486052	4.35199998912	4.433999955660001
492	8060928	10	6.4	11.62067123706716	40.0	0.0	10	4.5	6.037383539249433	20.0	0.0	-0.014694064000332569	-2.2153593249794867	0.02912806424319317	4.52799998868	13.204999867950002
496	8126464	10	2.8	2.9597297173897488	10.0	0.0	10	11.1	14.6181394164921	40.0	1.0	-0.014802914795204365	-2.224061851468474	0.03207263033891041	4.4187499889531265	9.223999907760001
500	8192000	10	5.6	6.053098380168622	21.0	0.0	10	13.0	14.51895313030523	40.0	0.0	-0.015104983330217378	-2.2019718013893628	0.03190399056045798	4.671249988321875	11.608999883910002
504	8257536	10	1.4	1.4966629547095764	5.0	0.0	10	6.1	7.422263805605403	23.0	0.0	-0.014469453258252036	-2.1742694748163336	0.03669137169690443	4.241749989395625	8.72899991271
508	8323072	10	2.5	1.91049731745428	7.0	0.0	10	3.1	3.505709628591621	12.0	0.0	-0.015191448763525918	-2.2219405792822564	0.03119073417876975	4.223749989440625	3.7079999629200007
512	8388608	10	1.8	1.7776388834631178	5.0	0.0	10	8.4	11.749042514179612	40.0	0.0	-0.014959289676232106	-2.2456877353434983	0.0288073764695891	4.34249998914375	6.54399993456
516	8454144	10	5.6	11.672189169131897	40.0	0.0	10	3.7	3.7429934544425802	12.0	0.0	-0.01577118802214835	-2.264676287534367	0.0267274956152252	4.324749989188125	11.852999881470001
520	8519680	10	6.5	6.711929677819934	21.0	0.0	10	3.7	3.7161808352124095	12.0	0.0	-0.015466588154803115	-2.2364130216494154	0.026965251383667177	4.49849998875375	8.611999913880002
524	8585216	10	5.2	7.493997598078078	24.0	0.0	10	8.4	12.018319350058892	40.0	0.0	-0.015542975132927031	-2.214105486639176	0.02586014419136655	4.2262499894343755	10.946999890530002
528	8650752	10	7.8	11.03449137930698	40.0	0.0	10	8.1	11.62282237668631	40.0	0.0	-0.015701327306367925	-2.221469501422904	0.028490638900684852	4.454749988863125	13.540999864590002
532	8716288	10	3.2	3.9191835884530852	14.0	0.0	10	1.8	1.5999999999999999	6.0	0.0	-0.014757555050567236	-2.196756899128013	0.030089684215654795	4.302249989244376	5.622999943770001
536	8781824	10	4.2	3.059411708155671	10.0	0.0	10	6.5	6.989277502002621	24.0	0.0	-0.014760549280535485	-2.1586645566161944	0.029670975361964374	4.61999998845	8.529999914700001
540	8847360	10	4.4	6.740919818541087	22.0	0.0	10	8.8	5.2115256883181535	18.0	1.0	-0.013975716161802963	-2.1998951606644432	0.029421831846742477	4.40399998899	11.045999889540001
544	8912896	10	6.6	11.663618649458668	40.0	0.0	10	7.6	12.467557900406959	40.0	0.0	-0.014981531250321005	-2.2292571562193286	0.031448842546886305	4.700499988248751	20.796999792030004
548	8978432	10	6.1	6.171709649683789	21.0	2.0	10	6.2	11.504781614615723	40.0	0.0	-0.0155973351340559	-2.190726913283552	0.0323355174977798	4.49649998875875	12.965999870340001
552	9043968	10	5.9	11.51911454930456	40.0	0.0	10	7.2	7.413501197140255	24.0	0.0	-0.013851211812301322	-2.1892729970519125	0.03370903562015205	4.363749989090626	13.176999868230002
556	9109504	10	8.9	11.388151737661383	40.0	0.0	10	12.4	15.396103403134186	41.0	0.0	-0.01414056034722954	-2.2171897438839183	0.036121028335882904	4.426249988934375	12.902999870970003
560	9175040	10	1.6	1.8000000000000003	6.0	0.0	10	13.2	15.43243337908834	40.0	0.0	-0.014066448251823143	-2.2006510444176643	0.033375267692624624	4.34049998914875	10.473999895260002
564	9240576	10	3.2	3.3704599092705436	8.0	0.0	10	3.0	5.176871642217914	18.0	0.0	-0.013830677042050658	-2.206636383899666	0.03159448742770237	4.562749988593126	10.626999893730002
568	9306112	10	3.4	4.673328578219168	13.0	0.0	10	8.6	11.110355529864918	40.0	1.0	-0.014641286861954627	-2.214462578065988	0.03385307191285639	4.7199999882000006	7.935999920640001
572	9371648	10	3.7	4.796873982084583	17.0	0.0	10	9.7	15.244999180059015	40.0	0.0	-0.014270006533205518	-2.2201354178460457	0.03354830187783982	4.400749988998125	9.6799999032
576	9437184	10	7.1	11.58835622510803	40.0	0.0	10	5.6	11.586198686368189	40.0	0.0	-0.014217415301607897	-2.2452009044732386	0.034974492985682094	4.4329999889175	13.158999868410003
580	9502720	10	4.8	4.4	13.0	0.0	10	5.0	4.753945729601885	16.0	0.0	-0.015022864340559008	-2.2461606733644732	0.031950633833737155	3.977249990056875	7.496999925030001
584	9568256	10	7.6	11.577564510725043	40.0	0.0	10	11.1	14.713599151805107	40.0	0.0	-0.013963512313300626	-2.218837114440737	0.03139217003542512	4.2729999893174995	13.673999863260002
588	9633792	10	2.6	3.006659275674582	11.0	0.0	10	3.9	3.5057096285916205	10.0	0.0	-0.014088400046348173	-2.224701260295235	0.03337917872356865	4.37549998906125	5.661999943380001
592	9699328	10	3.3	4.712748667179271	16.0	0.0	10	6.6	7.722693830523129	25.0	0.0	-0.014543396986786599	-2.2293356406353286	0.030700525013481143	4.339249989151875	8.44899991551
596	9764864	10	8.1	11.51911454930456	40.0	0.0	10	6.9	11.157508682497182	40.0	1.0	-0.014662803791895657	-2.190715717544443	0.02969039260333328	4.38799998903	14.638999853610002
600	9830400	10	1.0	1.3416407864998738	4.0	0.0	10	4.8	4.261455150532504	14.0	0.0	-0.01378753095537305	-2.223086987700951	0.029255569773627896	4.649999988375001	5.63699994363
604	9895936	10	5.4	8.321057625085889	28.0	0.0	10	6.9	11.953660527219268	40.0	0.0	-0.015620585708842798	-2.232717493937296	0.029158431684354957	4.59599998851	13.518999864810002
608	9961472	10	4.3	5.866003750424986	20.0	0.0	10	3.4	3.0397368307141326	10.0	0.0	-0.015230093615405766	-2.2428129760074853	0.028488079897885824	4.302249989244375	7.7949999220500015
612	10027008	10	5.9	11.66576186967658	40.0	0.0	10	8.9	13.471822445385778	40.0	0.0	-0.01327675288104066	-2.2047574940014028	0.03147059837804493	4.3789999890525	11.35399988646
616	10092544	10	6.9	11.475626344561764	40.0	0.0	10	5.9	6.759437846448476	24.0	0.0	-0.014530923989698206	-2.2056528849092327	0.03269974308834342	4.546249988634375	12.176999878230001
620	10158080	10	7.8	7.972452571197899	24.0	0.0	10	4.5	4.883646178829912	15.0	0.0	-0.013681020959756774	-2.206369536388561	0.031504614876871555	4.49849998875375	10.000999899990001
624	10223616	10	10.7	15.855913723276876	40.0	0.0	10	5.5	5.608029957123981	19.0	0.0	-0.014434142303507683	-2.1980008033608622	0.0327957009202787	4.7674999880812505	11.020999889790003
628	10289152	10	6.3	11.891593669479294	40.0	0.0	10	8.7	11.243220179290272	40.0	0.0	-0.014844239748496437	-2.1863607265261247	0.03360563574474423	4.368749989078125	12.12299987877
632	10354688	10	3.8	4.512205669071391	16.0	0.0	10	3.2	3.4583232931581165	11.0	0.0	-0.013165522715849377	-2.2059688416805736	0.031563030222713076	4.485749988785625	8.721999912780001
636	10420224	10	7.2	7.93473376995095	21.0	0.0	10	7.1	11.22007130102122	40.0	1.0	-0.014679986804960205	-2.2266324905221864	0.030965265601286596	4.28799998928	12.435999875640002
640	10485760	10	6.4	12.001666550941998	40.0	0.0	10	9.1	11.414464507807626	40.0	0.0	-0.014386978973882126	-2.2407980534086973	0.030438464558617068	4.458749988853126	10.679999893200002
644	10551296	10	16.7	16.229910659027055	40.0	0.0	10	4.6	6.636264009214822	22.0	0.0	-0.013117102916868132	-2.251371755961504	0.03314185229483353	4.638249988404374	10.515999894840002
648	10616832	10	2.6	3.0066592756745822	8.0	0.0	10	12.1	15.042938542718307	41.0	0.0	-0.014989669824853865	-2.2297665375135263	0.02965449634630531	4.469999988825	10.209999897900003
652	10682368	10	1.9	2.5865034312755126	7.0	0.0	10	3.9	3.3896902513356584	9.0	0.0	-0.014055197481008589	-2.250143728915905	0.033278891871476375	4.558749988603125	4.307999956920001
656	10747904	10	5.0	4.878524367060187	14.0	0.0	10	9.4	15.370100845472681	40.0	0.0	-0.01341348054465657	-2.264331246179906	0.031816100077493824	4.246249989384375	10.238999897610002
660	10813440	10	6.6	4.6946778377222005	14.0	0.0	10	3.3	3.950949253027682	13.0	0.0	-0.013871885412673889	-2.238062460984113	0.03156979135296833	4.283749989290626	5.122999948770001
664	10878976	10	2.3	2.238302928559939	7.0	0.0	10	3.3	6.435060217278467	22.0	0.0	-0.014818049706236267	-2.234935131932944	0.03380213035306517	4.273249989316875	7.231999927680001
668	10944512	10	6.9	11.202231920470135	40.0	0.0	10	6.6	11.385956261992225	40.0	1.0	-0.014665211561490367	-2.2378196366283767	0.028212912843417783	4.457749988855625	14.819999851800002
672	11010048	10	7.4	12.2245654319489	40.0	0.0	10	9.1	12.51758762701504	40.0	0.0	-0.01357750075698726	-2.2034816764483334	0.028948590777282436	4.421749988945624	14.973999850260002
676	11075584	10	3.8	2.8213471959331766	8.0	0.0	10	3.0	2.4899799195977463	8.0	0.0	-0.015515803138341291	-2.1883997567201945	0.027499626795225048	4.41349998896625	9.170999908290002
680	11141120	10	7.8	11.796609682446903	40.0	0.0	10	8.5	11.324751652906125	40.0	1.0	-0.014945851210500113	-2.1943819272219165	0.029308118990208278	4.590749988523125	22.042999779570003
684	11206656	10	2.7	2.8301943396169813	9.0	0.0	10	13.8	17.39425192412712	40.0	0.0	-0.014717920636922814	-2.2151728046613157	0.02631558687152029	4.307499989231249	21.994999780050005
688	11272192	10	6.4	4.431703961232067	15.0	0.0	10	6.0	7.483314773547883	21.0	0.0	-0.014444727221124542	-2.2108162068011152	0.03017625241458867	4.455249988861875	7.2059999279400015
692	11337728	10	9.3	15.41460346554526	40.0	0.0	10	12.1	14.962954253756173	40.0	0.0	-0.014735905888585202	-2.195204342176334	0.031213815553587668	4.353749989115625	10.877999891220002
696	11403264	10	9.0	12.814054783713077	40.0	0.0	10	7.8	4.422668877499196	16.0	0.0	-0.013572366790363524	-2.1880335904862163	0.031987204057868215	4.4482499888793745	13.792999862070001
700	11468800	10	4.7	4.6701177715342475	14.0	0.0	10	6.5	8.151686941977102	23.0	0.0	-0.013360087743849213	-2.1994460744354836	0.03005394251936909	4.329749989175625	10.861999891380002
704	11534336	10	3.9	4.570557952810575	15.0	0.0	10	9.8	11.906300852909773	40.0	0.0	-0.013550272163939904	-2.196682308882138	0.03679878473829862	4.314999989212501	11.266999887330002
708	11599872	10	17.3	16.037767924496226	40.0	0.0	10	4.7	11.79025020938911	40.0	0.0	-0.013775938860898234	-2.1927766772807344	0.038010732402635646	4.352749989118125	11.582999884170002
712	11665408	10	1.7	2.325940669922601	8.0	0.0	10	9.6	12.167168939404105	40.0	0.0	-0.01233518030123428	-2.16161758430137	0.03515472064825521	4.4242499889393745	11.919999880800003
716	11730944	10	7.4	5.817215828899594	16.0	0.0	10	9.4	11.28007092176286	40.0	0.0	-0.013156034822253065	-2.131391587134706	0.03834870457249765	4.416749988958125	9.560999904390002
720	11796480	10	1.2	1.9390719429665315	5.0	0.0	10	5.9	11.571084650973738	40.0	0.0	-0.0129645161467565	-2.145210760111668	0.03594234065399187	4.557999988605	6.6829999331700005
724	11862016	10	4.0	4.449719092257398	14.0	0.0	10	7.9	11.26454615153225	40.0	1.0	-0.014614652869864719	-2.137191419577498	0.032112459124911834	4.249749989375625	7.395999926040001
728	11927552	10	4.7	4.450842616853577	15.0	0.0	10	6.0	11.55854662143991	40.0	0.0	-0.013817310685909252	-2.135652191714506	0.03950669293966881	4.2399999894	12.503999874960002
732	11993088	10	11.9	15.488382743204664	40.0	1.0	10	4.2	5.6000000000000005	16.0	0.0	-0.01402287445525319	-2.1234977193448294	0.03348669298808516	4.302749989243125	16.328999836710004
736	12058624	10	9.9	12.11981848048889	40.0	0.0	10	10.5	7.787810988975015	26.0	0.0	-0.014424818185653951	-2.1336551182232992	0.032536799336964406	4.2104999894737505	12.297999877020002
740	12124160	10	3.5	3.442382895611701	10.0	0.0	10	10.7	14.697278659670298	40.0	2.0	-0.014054093629714482	-2.2051122012424242	0.031168405758850777	4.2529999893675	10.213999897860003
744	12189696	10	9.9	12.437443467208205	40.0	0.0	10	2.8	2.6381811916545836	9.0	0.0	-0.014430063944941098	-2.2247718744145986	0.033197141132584734	4.44549998888625	7.680999923190002
748	12255232	10	3.7	4.360045871318328	12.0	0.0	10	6.7	7.759510293826538	27.0	0.0	-0.013431737450259754	-2.232264208064407	0.032446210618476336	4.381249989046876	10.407999895920002
752	12320768	10	3.4	5.295280917949491	19.0	0.0	10	3.0	2.4083189157584592	7.0	0.0	-0.013536269547133079	-2.229132676885782	0.037950486755702	4.571249988571875	4.84199995158
756	12386304	10	4.4	5.314132102234569	18.0	0.0	10	9.1	11.458184847522752	40.0	0.0	-0.01365687274037783	-2.216796546943537	0.03468786212642388	4.3729999890675	13.910999860890001
760	12451840	10	8.2	13.052202879207783	40.0	0.0	10	5.3	11.66233252827238	40.0	0.0	-0.01347931610367248	-2.17629762964626	0.03477144543650642	4.5052499887368755	12.953999870460002
764	12517376	10	7.1	12.477579893553076	40.0	0.0	10	9.4	11.901260437449473	40.0	1.0	-0.011976120839452363	-2.168274611008803	0.035720391117661635	4.13949998965125	13.011999869880002
768	12582912	10	4.5	4.863126566315131	16.0	0.0	10	10.8	10.590561835898981	40.0	1.0	-0.01321421262990638	-2.144273166631814	0.03272634443563684	4.3859999890350005	10.85399989146
772	12648448	10	3.9	6.024118192731613	18.0	0.0	10	11.1	11.26454615153225	40.0	1.0	-0.014836440569495072	-2.1402609122550262	0.03322308543180183	4.426249988934375	12.431999875680003
776	12713984	10	3.5	2.8722813232690143	10.0	0.0	10	11.7	11.584903970253702	40.0	0.0	-0.01411685649362258	-2.1424102110419194	0.03698496743263363	4.342249989144375	10.194999898050002
780	12779520	10	1.8	1.9390719429665317	6.0	0.0	10	10.4	14.974645237867907	40.0	0.0	-0.01265915685861132	-2.152548099333335	0.038531794344562685	4.317749989205625	10.838999891610003
784	12845056	10	7.9	12.045331045679069	40.0	0.0	10	3.1	1.9209372712298547	6.0	0.0	-0.014638322779916751	-2.1508236003661847	0.039650309729760996	4.258999989352501	8.573999914260002
788	12910592	10	9.2	12.221292893961751	40.0	0.0	10	6.3	6.435060217278467	22.0	0.0	-0.012959594815143378	-2.1878555911487205	0.03687513572711086	4.446999988882499	10.158999898410002
792	12976128	10	4.7	6.0835844697020525	21.0	0.0	10	16.7	14.594862109660372	40.0	0.0	-0.014397338050625303	-2.184670053194881	0.03684233796088576	4.537249988656876	12.361999876380002
796	13041664	10	9.3	15.41460346554526	40.0	0.0	10	7.6	11.842297074469968	40.0	0.0	-0.013339595016506956	-2.1946848380266335	0.03656522207512543	4.36449998908875	15.062999849370003
800	13107200	10	5.2	11.660188677718727	40.0	0.0	10	3.7	4.648655719667784	14.0	0.0	-0.012719324811656912	-2.1632336673867387	0.04081757156684494	4.309999989225	8.89099991109
804	13172736	10	8.5	11.968709203585824	40.0	0.0	10	19.0	17.776388834631177	40.0	1.0	-0.013594040691814104	-2.1464753744750475	0.042956316101857225	4.57949998855125	12.155999878440003
808	13238272	10	2.4	2.90516780926679	10.0	0.0	10	7.5	11.543396380615196	40.0	0.0	-0.012973048451246992	-2.13516195096186	0.04087496071162467	4.10399998974	8.540999914590001
812	13303808	10	5.7	7.280796659706959	26.0	0.0	10	8.0	11.198214143335536	40.0	0.0	-0.013932736232531395	-2.133728926158212	0.04082536611591195	4.4589999888525	11.819999881800003
816	13369344	10	5.1	11.725612990372827	40.0	0.0	10	8.1	11.852847759083044	40.0	0.0	-0.014304684480850163	-2.1456965578347518	0.038582704937878305	4.64249998839375	14.075999859240003
820	13434880	10	4.0	4.358898943540674	16.0	0.0	10	14.8	16.678129391511508	40.0	0.0	-0.013742237937330537	-2.1241445464663378	0.03973163696911443	4.587249988531875	15.130999848690003
824	13500416	10	5.7	6.419501538281613	23.0	0.0	10	13.3	14.588008774332431	41.0	1.0	-0.01305287238802068	-2.1675855986999593	0.042282727193339496	4.478749988803125	13.051999869480001
828	13565952	10	7.1	11.085576214162256	40.0	1.0	10	1.7	2.0999999999999996	7.0	0.0	-0.012956623842773641	-2.178796787829733	0.03407333913137108	4.50799998873	8.739999912600002
832	13631488	10	10.0	10.917875251164945	40.0	0.0	10	9.0	10.807404868885037	40.0	1.0	-0.013330250424108502	-2.1327697458628445	0.03682730443547256	4.46649998883375	14.459999855400003
836	13697024	10	6.3	11.349449325848372	40.0	0.0	10	13.7	13.885604055999869	40.0	0.0	-0.012058703984274766	-2.179682905248248	0.03997126438549033	4.296249989259374	14.881999851180002
840	13762560	10	6.9	11.536463929644993	40.0	0.0	10	14.4	13.98713694792469	40.0	0.0	-0.012174337885219128	-2.1830781596611812	0.04079008026322136	4.342249989144375	14.299999857000003
844	13828096	10	7.6	12.273548794053006	40.0	0.0	10	4.0	4.538722287164087	17.0	0.0	-0.013538964062217336	-2.185224756370845	0.03608393379654494	4.536249988659375	11.744999882550001
848	13893632	10	17.4	13.313151392514095	41.0	0.0	10	9.1	12.144546101028231	40.0	0.0	-0.013961112652760675	-2.2146279586034807	0.03543579708027644	4.291249989271875	14.325999856740003
852	13959168	10	17.7	13.784411485442533	40.0	1.0	10	11.9	15.227934856703321	40.0	0.0	-0.01254044038423403	-2.2088749729279504	0.03355302647726035	4.52749998868125	10.34099989659
856	14024704	10	8.4	12.043255373859678	40.0	0.0	10	6.7	5.060632371551998	15.0	0.0	-0.012980050076154562	-2.202202372023545	0.03749389016687843	4.233999989415	10.529999894700001
860	14090240	10	5.9	11.50173899895142	40.0	0.0	10	19.2	17.12191578065959	40.0	2.0	-0.012460072785482149	-2.211920432516002	0.04195567561497353	4.629249988426875	14.582999854170003
864	14155776	10	11.2	11.311940593903417	40.0	1.0	10	14.3	17.070735192135107	40.0	0.0	-0.012089807536493623	-2.2213376534651474	0.03907179032666288	4.26149998934625	14.011999859880003
868	14221312	10	5.1	11.759676866308869	40.0	0.0	10	9.3	12.231516668017914	40.0	0.0	-0.012873235019038106	-2.2500524344683335	0.04098602529421056	4.316249989209375	12.608999873910003
872	14286848	10	7.6	11.038115781237304	40.0	0.0	10	7.7	11.234322409473567	40.0	0.0	-0.013834791814359777	-2.2187671485218856	0.04693842729219858	4.518249988704375	12.275999877240002
876	14352384	10	3.7	4.94064773081425	18.0	0.0	10	13.1	15.475464451834716	40.0	0.0	-0.013134310120066427	-2.232431205377889	0.04250302970509925	4.46799998883	11.917999880820002
880	14417920	10	8.9	10.90366910723175	40.0	1.0	10	9.9	11.308846094982458	40.0	0.0	-0.012136342758164265	-2.2339962072826904	0.04506669701383701	4.291249989271875	15.566999844330002
884	14483456	10	8.2	12.319090875547595	41.0	0.0	10	7.3	11.180787092150535	40.0	0.0	-0.012731089112283864	-2.2467322123690576	0.04300862158355883	4.278749989303126	17.2699998273
888	14548992	10	8.8	12.867012085173466	40.0	0.0	10	20.9	17.049633427144407	40.0	0.0	-0.013333273101858358	-2.2458030976499224	0.040726467186688896	4.3449999891374995	14.553999854460002
892	14614528	10	17.4	16.05739704933524	40.0	0.0	10	3.3	3.1638584039112754	9.0	0.0	-0.012988909020210195	-2.234274923568685	0.04131510711698388	4.42049998894875	9.234999907650002
896	14680064	10	9.2	11.478675881825396	40.0	1.0	10	2.4	2.537715508089904	9.0	0.0	-0.014159841078294362	-2.2293319178285573	0.03957248498118224	4.47649998880875	7.537999924620001
900	14745600	10	5.7	5.984145720150872	20.0	0.0	10	9.9	12.053630158587081	40.0	0.0	-0.01231080844559681	-2.2493429305793238	0.04173378269529481	4.534749988663125	12.968999870310002
904	14811136	10	13.8	14.337363774418225	40.0	0.0	10	6.7	11.55897919368315	40.0	0.0	-0.012365546432723697	-2.256682877504199	0.043832276167128335	4.489749988775624	12.871999871280002
908	14876672	10	8.5	12.690547663517126	40.0	0.0	10	5.8	4.093897898091744	13.0	0.0	-0.011911929040527286	-2.2510439974704988	0.04354107852882086	4.609999988475001	14.522999854770003
912	14942208	10	5.0	6.752777206453653	22.0	0.0	10	10.6	11.551623262554921	40.0	0.0	-0.01268207865955218	-2.2403834136973604	0.04046291814850733	4.39149998902125	12.524999874750002
916	15007744	10	7.0	11.260550608207398	40.0	0.0	10	22.6	16.100931650062986	41.0	2.0	-0.013291447970136108	-2.2326866187313055	0.03794607779702401	4.310249989224375	15.904999840950001
920	15073280	10	9.7	11.189727431890377	40.0	1.0	10	13.4	12.839003076563227	40.0	0.0	-0.01314934747748397	-2.253049067918212	0.0355681389882432	4.382749989043125	13.278999867210002
924	15138816	10	6.5	11.69829047339824	40.0	0.0	10	5.7	11.506954418958998	40.0	0.0	-0.013298787553573544	-2.265031173589323	0.03499100613043301	4.329749989175625	17.015999829840002
928	15204352	10	6.9	8.584287972802404	27.0	0.0	10	8.0	6.899275324264136	19.0	0.0	-0.013740107653356648	-2.273462675275018	0.04215023074403303	4.34849998912875	12.901999870980001
932	15269888	10	7.2	11.737120600896967	40.0	0.0	10	7.0	11.41052146047673	40.0	0.0	-0.012604710496716218	-2.2539771743254393	0.03392679932717111	4.297749989255625	10.411999895880003
936	15335424	10	7.0	11.730302638892145	40.0	1.0	10	13.5	17.44276354251241	40.0	0.0	-0.01311514803197911	-2.2833940806593187	0.03279408903373285	4.321249989196875	16.791999832080005
940	15400960	10	9.8	11.469960767151735	40.0	0.0	10	7.4	5.885575587824865	22.0	1.0	-0.013171769575357215	-2.2768881169569997	0.03780416781077007	4.646249988384375	11.228999887710001
944	15466496	10	19.9	15.719096666157379	40.0	0.0	10	12.2	14.2464030548065	40.0	0.0	-0.012937361605980415	-2.2232937884995048	0.03797155922892157	4.119749989700625	15.537999844620003
948	15532032	10	8.7	11.662332528272378	40.0	1.0	10	10.6	11.53429668423697	40.0	0.0	-0.013200373358347976	-2.241898844405929	0.03425314211085021	4.44649998888375	13.199999868
952	15597568	10	7.1	11.237882362794158	40.0	0.0	10	11.3	11.899999999999999	40.0	0.0	-0.012014798159080402	-2.2768296174816856	0.03454227232945758	4.268749989328125	17.70499982295
956	15663104	10	5.4	4.673328578219169	15.0	1.0	10	14.1	17.10233902131518	40.0	0.0	-0.012761793854714014	-2.243402672076982	0.033867179063346256	4.547499988631251	11.781999882180003
960	15728640	10	11.6	14.59588983241515	40.0	0.0	10	12.9	15.168717810019409	40.0	2.0	-0.011829537731178	-2.268004417183183	0.03454417498267221	4.407749988980625	12.866999871330004
964	15794176	10	11.3	14.6972786596703	40.0	1.0	10	10.8	11.513470371699404	40.0	1.0	-0.01144041370694719	-2.2100946876091307	0.03991073194941139	4.28049998929875	12.094999879050002
968	15859712	10	11.1	14.956269588369954	40.0	1.0	10	6.4	5.9194594347794975	19.0	0.0	-0.012943239141517774	-2.23483389592733	0.04141811242206096	4.470499988823749	10.357999896420003
972	15925248	10	13.0	15.238110119040353	40.0	0.0	10	11.3	15.1594854793954	40.0	0.0	-0.012612079259169004	-2.2592835225294996	0.036722539590416464	4.672749988318125	13.354999866450003
976	15990784	10	10.6	14.967965793654127	40.0	0.0	10	11.3	14.960280746028797	40.0	0.0	-0.013815007411192466	-2.2236675121057345	0.04057152171119006	4.633999988415	16.881999831180003
980	16056320	10	11.3	12.223338332877807	40.0	0.0	10	24.0	16.510602654052335	40.0	2.0	-0.012812874846106305	-2.2366387593403174	0.03722033998541252	4.50799998873	15.484999845150002
984	16121856	10	6.7	11.662332528272376	40.0	0.0	10	23.7	16.840724449975422	40.0	0.0	-0.012630433572867398	-2.261760468048689	0.03699918151059658	4.458249988854375	15.964999840350002
988	16187392	10	5.1	3.78021163428716	12.0	0.0	10	6.8	11.435033887138246	40.0	0.0	-0.013175040495441586	-2.2290290864967	0.03737312859543899	4.553749988615625	10.131999898680002
992	16252928	10	5.3	5.404627646748664	17.0	0.0	10	14.3	14.121260566960727	40.0	1.0	-0.012000321523336339	-2.2752001655712006	0.039402036322056896	4.529749988675625	13.000999869990002
996	16318464	10	15.2	13.219682295728594	40.0	2.0	10	12.3	14.594862109660372	40.0	0.0	-0.012564735510047827	-2.2846196862662236	0.03956568033099918	4.5629999885925	15.807999841920003
1000	16384000	10	10.0	11.85748708622531	40.0	0.0	10	13.7	14.52618325645109	40.0	0.0	-0.013445272663187471	-2.283069463829798	0.03649337604882656	4.6729999883175	16.653999833460002
1004	16449536	10	8.7	11.602154972245458	40.0	0.0	10	11.1	14.848905683584903	40.0	0.0	-0.013621550689798116	-2.3168984251787816	0.03647355391496839	4.1949999895125005	11.902999880970002
1008	16515072	10	2.9	3.753664875824692	13.0	0.0	10	17.5	15.64129150677782	40.0	1.0	-0.013062398614999677	-2.3205919213659247	0.034774609119889506	4.228249989429375	11.980999880190002
1012	16580608	10	5.1	6.6550732527899354	20.0	0.0	10	6.4	11.672189169131899	40.0	0.0	-0.013338100876783167	-2.3044757368746978	0.038672173372322	4.519249988701875	12.309999876900003
1016	16646144	10	6.8	11.864231959971114	40.0	0.0	10	10.6	14.84722196237397	40.0	0.0	-0.012924555487661308	-2.315631776806899	0.041578852023944395	4.478499988803749	11.871999881280002
1020	16711680	10	3.8	6.144916598294887	21.0	0.0	10	20.0	14.939879517586478	40.0	0.0	-0.013020706622387817	-2.3232661657098808	0.03599343764764027	4.50649998873375	11.742999882570002
1024	16777216	10	7.0	11.47170431975999	40.0	0.0	10	10.9	12.29186723000212	40.0	0.0	-0.012942389686805661	-2.338776531075201	0.036525093228632025	4.461249988846875	11.114999888850003
1028	16842752	10	4.0	2.932575659723036	11.0	0.0	10	16.9	16.021547990128795	40.0	2.0	-0.01303237183659867	-2.317457544065512	0.031726065748170794	4.137249989656875	8.237999917620002
1032	16908288	10	9.5	11.655470818461174	40.0	0.0	10	15.8	14.232357499725756	40.0	1.0	-0.012738458243385169	-2.319153082625885	0.037446744522680514	4.445749988885624	13.034999869650003
1036	16973824	10	13.8	17.273100474437125	40.0	0.0	10	6.6	5.0039984012787215	18.0	0.0	-0.012771899757236074	-2.3016075787530927	0.03577860124269335	4.420749988948125	8.983999910160001
1040	17039360	10	2.8	3.7629775444453557	13.0	0.0	10	24.0	16.47422228816887	40.0	4.0	-0.012685464063191619	-2.2590751844278163	0.034933221736233165	4.309749989225625	13.540999864590002
1044	17104896	10	12.9	14.439182802361081	40.0	0.0	10	12.5	14.200352108310554	40.0	0.0	-0.011726315180558493	-2.2699485493322	0.0398456429400264	4.484499988788751	11.24799988752
1048	17170432	10	3.2	2.749545416973504	10.0	0.0	10	11.2	11.169601604354563	40.0	1.0	-0.012875308926467089	-2.2915147888260257	0.03251618680127877	4.34799998913	8.86499991135
1052	17235968	10	19.3	15.225307878660452	40.0	0.0	10	12.4	14.54097658343483	41.0	1.0	-0.013140795212616423	-2.2731714122112994	0.03648116588600568	4.31849998920375	14.073999859260002
1056	17301504	10	6.2	5.528109984434102	20.0	0.0	10	19.5	12.459935794377111	40.0	2.0	-0.012161366227950379	-2.293402038275718	0.03535032617336089	4.288749989278125	12.145999878540003
1060	17367040	10	10.1	15.168717810019407	40.0	0.0	10	11.2	14.965293181224348	40.0	0.0	-0.01153348287457057	-2.282639997463075	0.04069491785837494	4.410749988973126	18.066999819330004
1064	17432576	10	9.9	12.715738279785409	40.0	0.0	10	23.2	17.388501948126528	40.0	1.0	-0.01342744391373537	-2.2769514195732716	0.040078378937999384	4.5229999886925	15.491999845080004
1068	17498112	10	12.2	14.844527611210806	40.0	0.0	10	11.6	11.54296322440646	40.0	1.0	-0.013287598139696884	-2.2533350683885023	0.03749196529773988	4.7514999881212505	10.918999890810003
1072	17563648	10	4.6	4.608687448721165	15.0	0.0	10	20.8	16.89260193102294	40.0	1.0	-0.01270860636687859	-2.2744408744191205	0.032211029083837994	4.622249988444375	12.080999879190001
1076	17629184	10	14.1	17.230496220364635	40.0	0.0	10	11.2	11.805083650698965	40.0	1.0	-0.012810742037375124	-2.303471490500831	0.030170656291263923	4.2747499893131256	14.637999853620002
1080	17694720	10	14.0	14.345731072343439	40.0	1.0	10	8.4	7.5657121277510955	18.0	0.0	-0.012736890521902034	-2.292650980015196	0.03267256329271846	4.3369999891574995	13.408999865910003
1084	17760256	10	16.6	16.764247671756703	40.0	0.0	10	10.5	7.3246160308919945	24.0	0.0	-0.012811418749939556	-2.2862112072708936	0.034986935144836806	4.281749989295625	15.787999842120003
1088	17825792	10	14.6	17.21162397916013	40.0	0.0	10	8.2	6.80881781221968	21.0	1.0	-0.012512340935457902	-2.242848624552111	0.035803729451101975	4.258999989352501	11.916999880830002
1092	17891328	10	9.4	15.370100845472681	40.0	0.0	10	15.4	16.243152403397563	40.0	1.0	-0.011850707054669367	-2.243721122309296	0.04227161472999056	4.439249988901875	12.634999873650003
1096	17956864	10	11.5	15.12778899905733	40.0	0.0	10	5.6	6.232174580353154	21.0	0.0	-0.011889328638036767	-2.239027882382493	0.04104049130846718	4.469999988825	13.02399986976
1100	18022400	10	6.6	11.36837719289785	40.0	0.0	10	18.8	14.985326155943355	40.0	2.0	-0.01295512964241687	-2.2094778242392534	0.03967392775980993	4.2747499893131256	14.451999855480002
1104	18087936	10	6.0	8.07465169527454	25.0	0.0	10	13.2	14.23938200906205	40.0	1.0	-0.011651310886614325	-2.215758566824258	0.03802409201153902	4.371249989071875	11.080999889190002
1108	18153472	10	10.2	11.591376104673682	40.0	0.0	10	12.7	14.533065746772083	40.0	0.0	-0.011399938682517133	-2.237249567871697	0.03954825049319919	4.4162499889593745	16.48699983513
1112	18219008	10	17.4	18.618270596379247	40.0	0.0	10	23.6	17.46539435569664	40.0	1.0	-0.012848706294967153	-2.2093705209775076	0.03672357023466304	4.486249988784375	14.271999857280003
1116	18284544	10	16.8	16.497272501841024	40.0	0.0	10	15.9	14.459944674859583	40.0	0.0	-0.013594037034432743	-2.1914168295961747	0.03470823892108284	4.39749998900625	15.527999844720004
1120	18350080	10	6.8	11.93984924527944	40.0	0.0	10	22.0	16.786899654194638	40.0	0.0	-0.012543099872858334	-2.1960062680341124	0.036248125636589135	4.34349998914125	12.730999872690003
1124	18415616	10	8.6	10.873821775254548	40.0	0.0	10	16.4	16.62648489609274	40.0	0.0	-0.012122383267170874	-2.2431016884891126	0.03703352956025973	4.383249989041874	14.922999850770003
1128	18481152	10	12.4	15.232859219463695	40.0	0.0	10	10.7	14.893287078412207	40.0	0.0	-0.012070498813607205	-2.243224372232736	0.037319649201034755	4.4092499889768755	11.200999887990003
1132	18546688	10	22.4	16.162920528171885	40.0	2.0	10	10.6	11.842297074469968	40.0	0.0	-0.012492230733098556	-2.2720827308910634	0.03743960554709576	4.30749998923125	15.353999846460002
1136	18612224	10	17.7	15.601602481796542	40.0	1.0	10	15.3	16.346559270990333	40.0	1.0	-0.013492106364041969	-2.2607243009040214	0.03810461569413363	4.428749988928125	14.099999859000002
1140	18677760	10	16.3	16.217583050504164	40.0	0.0	10	22.4	17.861690849412884	40.0	1.0	-0.011795585120109859	-2.2603775782018722	0.033754687694576194	4.177249989556875	16.504999834950002
1144	18743296	10	5.8	6.095900261651268	20.0	0.0	10	6.0	5.272570530585627	18.0	0.0	-0.012474254621251589	-2.2721017298715838	0.03871640744991878	4.263749989340625	11.675999883240001
1148	18808832	10	8.9	11.953660527219267	40.0	0.0	10	12.1	14.404513181638592	40.0	1.0	-0.012436083344475565	-2.252268952393365	0.03986893603550959	4.2349999894125	12.634999873650003
1152	18874368	10	4.2	4.894895300208167	15.0	0.0	10	20.0	17.10555465338672	40.0	0.0	-0.012740806660568307	-2.2629419711855183	0.03618656831882205	4.04799998988	10.68299989317
1156	18939904	10	3.5	4.695742752749559	16.0	0.0	10	14.3	15.244999180059015	40.0	0.0	-0.011262969132115682	-2.283746684353085	0.04215817432411451	4.381249989046875	12.843999871560001
1160	19005440	10	7.9	13.412307780542468	40.0	0.0	10	12.9	12.429400629153443	40.0	0.0	-0.01157729069989184	-2.2823602082934746	0.034859792616778046	4.47149998882125	15.262999847370002
1164	19070976	10	9.7	12.296747537458838	40.0	1.0	10	20.0	17.10555465338672	40.0	0.0	-0.01152889055205945	-2.245059298738428	0.03510498934214957	4.3939999890150006	15.286999847130003
1168	19136512	10	7.5	12.355160864998885	40.0	0.0	10	16.8	15.904716281656833	40.0	2.0	-0.011259266833843668	-2.210074946054078	0.03391341639639826	4.29049998927375	17.075999829240004
1172	19202048	10	15.9	16.62197340871414	40.0	0.0	10	16.0	16.01873902652765	40.0	0.0	-0.01268937777168805	-2.1888190604949846	0.0379790843929339	4.42249998894375	13.904999860950001
1176	19267584	10	14.6	13.654303350958628	40.0	1.0	10	20.1	17.14322023425004	40.0	0.0	-0.011727985017681413	-2.206301631797008	0.03887805782707243	4.430249988924375	15.473999845260003
1180	19333120	10	9.8	15.548633380461448	40.0	0.0	10	14.8	16.87483333251028	40.0	0.0	-0.012102296511584936	-2.197084955642242	0.03895227868713121	4.418749988953126	15.048999849510002
1184	19398656	10	12.8	14.837789592793124	40.0	0.0	10	7.3	3.9509492530276824	14.0	1.0	-0.01255062597546919	-2.203877997665511	0.03897430365111132	4.044749989888125	10.861999891380002
1188	19464192	10	12.7	11.018620603324175	40.0	1.0	10	17.4	15.134067529914091	40.0	2.0	-0.0116305917266205	-2.225333737598515	0.04514948334462641	4.272249989319375	13.059999869400002
1192	19529728	10	10.8	15.778466338652818	40.0	0.0	10	20.4	16.554153557340225	40.0	2.0	-0.011435797647837016	-2.251414929592532	0.042115550697274615	4.283749989290626	15.456999845430003
1196	19595264	10	5.6	5.462600113499065	16.0	0.0	10	15.5	13.793114224133722	40.0	0.0	-0.012581708917325449	-2.250449187819186	0.037348459238021305	4.509249988726875	9.71599990284
1200	19660800	10	8.4	11.16422858956229	40.0	0.0	10	12.4	12.435433245367852	40.0	1.0	-0.013195171300887574	-2.2414549561986985	0.03618259649967748	4.3589999891025	15.115999848840001
1204	19726336	10	16.7	17.27454775095429	40.0	0.0	10	7.0	11.41052146047673	40.0	0.0	-0.011773719911905747	-2.248408327265816	0.030156483230299364	4.347999989130001	11.284999887150002
1208	19791872	10	18.6	14.914422550001726	40.0	1.0	10	8.3	11.260994627474075	40.0	0.0	-0.011836311768982059	-2.224637058642238	0.04120845529597648	4.36449998908875	11.097999889020002
1212	19857408	10	14.2	17.34819875376115	40.0	0.0	10	19.5	17.511424842085237	40.0	0.0	-0.01210890956397616	-2.235859495665186	0.035035628065076964	4.4002499889993745	13.949999860500002
1216	19922944	10	3.5	3.2939338184001206	11.0	0.0	10	8.4	11.31547612785251	40.0	1.0	-0.012413047036939105	-2.2366502431685427	0.0345238288828531	4.232999989417499	10.02699989973
1220	19988480	10	14.0	17.22207885244984	40.0	0.0	10	8.4	11.560276813294742	40.0	0.0	-0.01246570532254943	-2.248115027710068	0.028051973065388487	4.414749988963126	15.545999844540002
1224	20054016	10	8.7	11.445959985951378	40.0	0.0	10	10.7	12.313001258832063	40.0	0.0	-0.012405959053690623	-2.2782312331210672	0.02816381732018968	4.1189999897025	13.072999869270003
1228	20119552	10	7.9	12.13630915888352	40.0	0.0	10	17.9	15.44312144613258	40.0	2.0	-0.01209895859569552	-2.2700147576749043	0.030850149610281114	4.398249989004375	15.237999847620001
1232	20185088	10	2.1	2.3430749027719964	7.0	0.0	10	14.1	11.928537211242626	40.0	1.0	-0.012422196568189903	-2.2554939759408374	0.02990498463311715	4.42349998894125	10.000999899990001
1236	20250624	10	9.7	11.975391434103521	40.0	0.0	10	11.3	11.3758516164725	40.0	0.0	-0.011851355068431652	-2.241416911050648	0.036016297561710986	4.2507499893731255	12.918999870810003
1240	20316160	10	12.7	14.933519344079613	40.0	0.0	10	12.5	14.807092894960848	40.0	0.0	-0.013246276844998833	-2.267261902255078	0.030907469934203093	4.189749989525625	13.462999865370001
1244	20381696	10	14.9	16.860901518009054	40.0	0.0	10	8.2	12.496399481450648	40.0	0.0	-0.012327357873123022	-2.24483835922143	0.03965264298384847	4.441999988895001	12.174999878250002
1248	20447232	10	3.1	2.8442925306655784	9.0	0.0	10	14.8	14.654692081377895	40.0	0.0	-0.012345047113363844	-2.25782661116446	0.03994859645968783	4.4589999888525	10.363999896360003
1252	20512768	10	18.9	15.25417975507041	40.0	0.0	10	18.5	17.738376475878507	40.0	0.0	-0.01259815358561394	-2.2478396269324388	0.03473365112466902	4.5429999886425	14.532999854670003
1256	20578304	10	5.9	11.510430052782564	40.0	0.0	10	8.1	6.284106937345991	20.0	1.0	-0.012754553942194605	-2.2579147813352347	0.039464618114058506	4.378249989054376	9.2699999073
1260	20643840	10	4.6	2.764054992217051	8.0	0.0	10	10.7	8.391066678319271	28.0	0.0	-0.01268724752530661	-2.2420196481197148	0.03677105515191383	4.389999989025001	12.018999879810002
1264	20709376	10	12.6	12.571396103854177	41.0	2.0	10	8.7	11.773274820541648	40.0	0.0	-0.012421497862830923	-2.230327178802225	0.034565764281712985	4.260499989348751	9.655999903440001
1268	20774912	10	8.8	11.556816170554933	40.0	0.0	10	15.8	16.551737068960467	40.0	0.0	-0.011033183599225905	-2.2381845710330297	0.03316518223576608	4.37049998907375	13.127999868720002
1272	20840448	10	3.4	2.33238075793812	9.0	1.0	10	22.2	18.059900331950892	40.0	0.0	-0.012646022491527782	-2.2482613198600734	0.0349998198956425	4.39949998900125	9.5199999048
1276	20905984	10	12.7	10.658799181896617	40.0	1.0	10	11.6	11.859173664298874	40.0	0.0	-0.011559460068392036	-2.2486371619147194	0.04175116722813206	4.33349998916625	13.581999864180004
1280	20971520	10	22.1	15.565667348366405	40.0	4.0	10	25.8	17.808986495586996	40.0	1.0	-0.011135163190730353	-2.2302720122199644	0.03842569008302144	4.26949998932625	17.01899982981
1284	21037056	10	20.1	16.537533068750005	40.0	1.0	10	11.9	11.51911454930456	40.0	1.0	-0.012219344063184649	-2.231181690857851	0.0343204169731227	4.472249988819374	14.893999851060002
1288	21102592	10	11.1	14.76109752017105	40.0	0.0	10	24.1	16.62197340871414	41.0	0.0	-0.012409192920960847	-2.2464269918843556	0.030596734312435436	4.4469999888825	13.43399986566
1292	21168128	10	10.7	14.879852149803103	40.0	0.0	10	18.0	15.145956556124146	40.0	3.0	-0.012438072479722392	-2.2289782958887763	0.036796885655153856	4.33949998915125	12.33099987669
1296	21233664	10	11.3	12.570202862324857	40.0	1.0	10	14.4	15.12084653714864	40.0	0.0	-0.01162689572690246	-2.242994554107194	0.04058609510504378	4.4642499888393745	11.784999882150002
1300	21299200	10	12.1	14.733974345029925	40.0	0.0	10	14.7	15.15288751360611	40.0	1.0	-0.012496354435432986	-2.2641773196683164	0.03384218872948377	4.364749989088125	14.584999854150004
1304	21364736	10	14.5	14.752965803525743	40.0	0.0	10	20.7	19.3238194982255	40.0	0.0	-0.011985262684866603	-2.266990172130156	0.03289406127341792	4.51949998870125	13.361999866380001
1308	21430272	10	11.1	15.188482478509826	40.0	0.0	10	7.4	7.863841300534999	23.0	1.0	-0.012739463555172657	-2.2317540692945155	0.03540365744867067	4.46949998882625	12.024999879750002
1312	21495808	10	16.2	16.63610531344401	40.0	0.0	10	17.2	16.0299719276111	40.0	0.0	-0.011991524461300208	-2.2192378116322518	0.03596985588096408	4.27949998930125	14.689999853100002
1316	21561344	10	9.0	11.823705003085962	40.0	0.0	10	14.1	17.114029332684925	40.0	0.0	-0.012643580469149946	-2.236030846601263	0.04107302097020614	4.41749998895625	12.350999876490002
1320	21626880	10	9.5	12.947972814305722	40.0	0.0	10	16.7	16.444147895224003	40.0	0.0	-0.011646309153244255	-2.246585592393506	0.04210092060915917	4.4429999888925	12.998999870010003
1324	21692416	10	12.3	14.26919759481941	40.0	0.0	10	16.9	17.02028201881508	40.0	0.0	-0.01162037723285638	-2.2323034204700845	0.03733917449522486	4.34849998912875	13.277999867220002
1328	21757952	10	12.0	8.590692637965812	24.0	2.0	10	7.5	8.488227141164401	24.0	0.0	-0.012167018739946628	-2.2349718558447025	0.03365438679503508	4.415749988960625	8.93699991063
1332	21823488	10	18.1	14.767870530310049	40.0	1.0	10	15.0	14.66287829861518	40.0	1.0	-0.01102739879213035	-2.237936414545114	0.030958294496595894	4.388249989029374	14.298999857010001
1336	21889024	10	15.2	14.330387294138285	40.0	0.0	10	8.7	12.337341690980274	40.0	0.0	-0.010775757675915725	-2.2174533156230876	0.03090058835289487	4.353749989115625	11.124999888750002
1340	21954560	10	14.0	14.608216865860118	40.0	0.0	10	7.2	11.737120600896969	40.0	0.0	-0.01119513817567876	-2.2056636112617642	0.03992828986346792	4.481749988795625	12.47899987521
1344	22020096	10	9.0	8.07465169527454	24.0	0.0	10	7.5	11.672617529928752	40.0	0.0	-0.011533324809242056	-2.211487807103106	0.03742663748172475	4.159749989600626	10.040999899590002
1348	22085632	10	15.2	14.225329521666625	40.0	0.0	10	6.7	7.335529974037323	25.0	0.0	-0.0114203477824279	-2.2317303789317466	0.040724235155723744	4.2799999893	9.968999900310001
1352	22151168	10	8.6	5.44426303552648	18.0	1.0	10	12.6	11.984990613262907	40.0	1.0	-0.01160180779334455	-2.230740648772408	0.04519709614410821	4.30949998922625	12.817999871820001
1356	22216704	10	9.6	12.101239605924675	40.0	0.0	10	7.3	8.234682750416072	27.0	0.0	-0.012536530191237785	-2.2260501009887275	0.03942290815346932	4.384749989038125	10.150999898490001
1360	22282240	10	16.4	14.192955999368138	40.0	0.0	10	24.9	16.416150584104667	40.0	1.0	-0.011826718671101955	-2.2229659083156834	0.0314732002992926	4.391749989020625	13.724999862750002
1364	22347776	10	12.9	14.334922392534953	40.0	0.0	10	9.0	11.357816691600547	40.0	0.0	-0.011756476001501294	-2.2268126455610013	0.02992266266838325	4.418749988953125	11.13599988864
1368	22413312	10	12.0	15.244671200127604	40.0	0.0	10	11.5	10.385085459446158	40.0	0.0	-0.011946066036487948	-2.205628772346897	0.03348639044406632	4.160999989597499	14.178999858210002
1372	22478848	10	13.9	14.243946082459033	40.0	1.0	10	18.5	18.117670931993437	40.0	1.0	-0.012415854343918285	-2.2033062053411867	0.02916355776141532	4.35249998911875	12.988999870110003
1376	22544384	10	11.2	10.879338215167317	40.0	0.0	10	15.7	16.41980511455602	40.0	1.0	-0.01178167937297738	-2.2047303987233016	0.02794664061802832	4.193249989516875	12.318999876810002
1380	22609920	10	14.7	17.059015211904818	40.0	0.0	10	21.7	18.428510520386613	40.0	0.0	-0.01124998444118153	-2.2489899344883124	0.03017008180105332	4.441999988895	12.067999879320002
1384	22675456	10	10.4	11.943198901466895	40.0	0.0	10	14.0	14.0	40.0	0.0	-0.012871223837639712	-2.2599524431060023	0.02847977729295187	4.423749988940625	14.564999854350003
1388	22740992	10	21.7	18.363278574372277	40.0	1.0	10	24.1	16.955530071336607	40.0	1.0	-0.012131977957273036	-2.2268257983192803	0.03381068550163725	4.3669999890825	16.427999835720005
1392	22806528	10	5.8	5.963220606350228	18.0	1.0	10	14.2	14.7770091696527	40.0	0.0	-0.011526181144302618	-2.2141143503465583	0.032406819883928344	4.116499989708751	10.392999896070002
1396	22872064	10	18.3	17.83844163597258	40.0	1.0	10	10.4	12.249081598226049	40.0	0.0	-0.011963942587768912	-2.213902552691952	0.03216842588788708	4.35749998910625	13.693999863060004
1400	22937600	10	4.7	5.58659108938537	19.0	0.0	10	9.3	12.264175471673585	40.0	0.0	-0.010699706847033547	-2.2300022167624705	0.03014338540064964	4.44549998888625	7.439999925600001
1404	23003136	10	22.4	17.956614380222124	40.0	0.0	10	20.6	17.054031781370647	40.0	0.0	-0.011675814832411627	-2.2110471276125856	0.03007402323105957	4.2469999893825	14.187999858120003
1408	23068672	10	8.6	11.456002793295747	40.0	1.0	10	26.3	14.75161008161482	40.0	0.0	-0.012492382347077984	-2.2143137949385365	0.040483281400183854	4.15249998961875	12.267999877320003
1412	23134208	10	12.6	17.94547296674011	40.0	0.0	10	18.1	17.91898434621784	40.0	1.0	-0.011173598396805507	-2.24617862926371	0.03346502285800595	4.405499988986251	12.894999871050002
1416	23199744	10	16.9	15.423683088030561	40.0	1.0	10	14.6	16.936351437071682	40.0	1.0	-0.010510131317881055	-2.261225191019866	0.0362338750624228	4.314999989212501	12.357999876420003
1420	23265280	10	11.6	14.71189994528239	40.0	0.0	10	16.2	14.878171930717832	40.0	0.0	-0.012622164514948676	-2.27579014476276	0.02968317207881559	4.4229999889425	12.062999879370002
1424	23330816	10	7.4	11.646458689232535	40.0	0.0	10	6.3	6.1	17.0	0.0	-0.010365969784118315	-2.276949410400037	0.03459734079300458	4.30149998924625	9.736999902630002
1428	23396352	10	13.5	14.423938435808717	40.0	0.0	10	14.6	15.167069591717445	40.0	0.0	-0.011553301988906335	-2.244338512186869	0.03653101162837266	4.396749989008125	23.137999768620006
1432	23461888	10	8.5	11.918473056562238	40.0	0.0	10	13.5	13.980343343423293	40.0	1.0	-0.011580088082464836	-2.2645268835251997	0.039825748279422736	4.327749989180625	11.717999882820003
1436	23527424	10	13.7	17.26875791711726	40.0	0.0	10	5.0	3.9749213828703582	11.0	0.0	-0.012477123116608979	-2.268213023505768	0.03225862839854502	4.259749989350625	11.885999881140002
1440	23592960	10	13.8	15.071828024496565	40.0	0.0	10	3.8	3.4292856398964497	10.0	0.0	-0.011549854955480592	-2.2398435148250413	0.03274015014805341	4.244249989389375	8.028999919710001
1444	23658496	10	10.9	15.14232478848608	40.0	0.0	10	25.5	17.98471573308847	40.0	0.0	-0.010876654808654108	-2.23306069499835	0.03192175214312003	4.511249988721875	14.107999858920003
1448	23724032	10	8.0	12.222929272478018	40.0	0.0	10	11.6	14.402777509911065	40.0	2.0	-0.011031379500069804	-2.2169653597151577	0.04121810391426381	4.183749989540625	10.886999891130003
1452	23789568	10	10.1	15.109268678529745	40.0	0.0	10	19.6	17.590906741836818	40.0	0.0	-0.011340487463440827	-2.2071724929099887	0.037934999482169475	4.258249989354375	14.336999856630001
1456	23855104	10	11.0	12.433824833895642	40.0	0.0	10	14.2	17.853851125177446	40.0	0.0	-0.012525545824760608	-2.1448268316935484	0.03262438393867049	4.359749989100625	12.836999871630002
1460	23920640	10	13.1	14.54957044039445	40.0	0.0	10	14.7	17.48170472236618	40.0	0.0	-0.011796162705027766	-2.1865196498937673	0.03361910581238546	4.2349999894125	13.560999864390002
1464	23986176	10	9.9	12.372954376380768	40.0	0.0	10	26.5	16.9130127416732	40.0	0.0	-0.011038582581691775	-2.1900256571872623	0.03565291540015391	4.327499989181249	13.229999867700002
1468	24051712	10	12.3	14.40173600646811	40.0	0.0	10	24.8	16.338910612400078	40.0	1.0	-0.01191615221490357	-2.184302001964012	0.03515857283125406	4.23749998940625	13.969999860300003
1472	24117248	10	17.0	15.968719422671311	40.0	0.0	10	9.0	15.633297796690243	40.0	0.0	-0.010837570861220907	-2.1842903641571207	0.04114264911000145	4.386249989034376	10.661999893380003
1476	24182784	10	16.3	12.345444503945576	40.0	1.0	10	19.7	15.066851031320379	40.0	0.0	-0.011651526611481606	-2.1954802694616586	0.034393576435887384	4.33249998916875	20.143999798560003
1480	24248320	10	10.0	11.189280584559492	40.0	0.0	10	19.3	15.918856742869446	40.0	0.0	-0.011440650912866664	-2.2017466746460697	0.0402132101159874	4.372749989068125	17.12099982879
1484	24313856	10	17.4	14.2982516413721	41.0	0.0	10	20.6	16.590358645912392	41.0	1.0	-0.01115404613549117	-2.162052521877778	0.03683820345132895	4.313249989216875	14.066999859330002
1488	24379392	10	9.3	9.392017887546851	25.0	1.0	10	22.9	17.21307642462555	40.0	2.0	-0.011942936471282773	-2.2053471379168355	0.039243237538211094	4.0609999898475	12.093999879060002
1492	24444928	10	9.7	10.555093557141026	40.0	2.0	10	14.1	11.545128842936315	40.0	2.0	-0.013298125315314123	-2.1895354114675625	0.036620710933802064	4.542999988642499	12.469999875300003
1496	24510464	10	14.4	17.165080832900266	41.0	0.0	10	7.9	11.44071676076285	40.0	0.0	-0.011016312502826265	-2.1792458417728438	0.032619154795245214	4.4669999888325	19.40299980597
1500	24576000	10	13.3	13.798913000667842	40.0	1.0	10	21.4	12.63487237766967	40.0	8.0	-0.011535837922576415	-2.2053008375254843	0.03622345276730924	4.207249989481875	12.467999875320002
1504	24641536	10	8.6	11.697863052711806	40.0	0.0	10	25.3	15.408114745159448	40.0	2.0	-0.011371701649020516	-2.172608941567128	0.03267717826771095	4.350249989124375	12.438999875610001
1508	24707072	10	8.3	11.52432210587677	40.0	0.0	10	15.0	14.812157169028419	40.0	0.0	-0.012279030072562501	-2.1956459405717945	0.038132523143727594	4.19049998952375	12.41099987589
1512	24772608	10	6.0	6.465291950097845	19.0	0.0	10	14.4	14.207040508142434	40.0	1.0	-0.012102319479357802	-2.223698124057877	0.041337045972430944	4.17649998955875	13.450999865490003
1516	24838144	10	14.4	16.930445948054647	40.0	0.0	10	9.1	12.58928115501437	40.0	0.0	-0.011101278186647695	-2.201173995702654	0.04219483715663408	4.501749988745624	15.169999848300002
1520	24903680	10	10.6	14.86741403203664	40.0	0.0	10	20.9	16.458736281987143	40.0	1.0	-0.011599337684557665	-2.2329969999848336	0.0362548497661746	4.3909999890225	13.036999869630003
1524	24969216	10	6.1	11.396929411029971	40.0	0.0	10	19.8	14.985326155943355	40.0	1.0	-0.011385122863457005	-2.2711023810126956	0.0390525664123384	4.38649998903375	14.187999858120003
