iter	frame	n_test	mean_returns	std_returns	max_returns	min_returns	n_test_train	mean_returns_train	std_returns_train	max_returns_train	min_returns_train	actor_loss	entropy_loss	value_loss	training_time	evaluation_time
0	0	10	1.0	3.0	10.0	0.0	10	4.0	4.898979485566356	10.0	0.0	0	0	0	0.0	11.999999880000003
4	65536	10	1.0	3.0	10.0	0.0	10	4.0	4.898979485566356	10.0	0.0	0.002588176410763696	-2.5703151645565856	0.34109662159935394	4.749749988125624	11.816999881830002
8	131072	10	4.0	4.898979485566356	10.0	0.0	10	4.0	4.898979485566356	10.0	0.0	-0.003996555491729788	-2.58682237786924	0.35209794726901233	4.536749988658125	6.403999935960001
12	196608	10	3.0	4.58257569495584	10.0	0.0	10	4.0	4.898979485566356	10.0	0.0	-0.003602374206445721	-2.5916829677703404	0.3143306166227063	4.765499988086249	12.226999877730002
16	262144	10	4.0	4.898979485566356	10.0	0.0	10	5.0	5.0	10.0	0.0	-0.004963754801881946	-2.6117646939815446	0.2771839430111747	4.6084999884787505	11.000999889990002
20	327680	10	5.0	5.0	10.0	0.0	10	8.0	4.0	10.0	0.0	-0.00562118043977188	-2.5934293788950233	0.46303536955410957	4.65199998837	3.9009999609900006
24	393216	10	7.0	4.58257569495584	10.0	0.0	10	1.0	3.0	10.0	0.0	-0.006110200237011228	-2.581486368903827	0.5343937328459966	4.614249988464374	12.290999877090002
28	458752	10	3.0	4.58257569495584	10.0	0.0	10	8.0	4.0	10.0	0.0	-0.00567764712166814	-2.5391282486257483	0.5282853717054975	4.4647499888381255	11.053999889460002
32	524288	10	4.0	4.898979485566356	10.0	0.0	10	7.0	4.58257569495584	10.0	0.0	-0.006182868857612017	-2.535205200050438	0.6301066294276997	4.509249988726875	11.211999887880001
36	589824	10	3.0	4.58257569495584	10.0	0.0	10	7.0	4.58257569495584	10.0	0.0	-0.006998504848402363	-2.5229794107232952	0.5808098178993638	4.603499988491251	7.178999928210001
40	655360	10	4.0	4.898979485566356	10.0	0.0	10	4.0	4.898979485566356	10.0	0.0	-0.007326332005044815	-2.4920027923968378	0.45730099667067176	4.394249989014375	10.30899989691
44	720896	10	5.0	5.0	10.0	0.0	10	4.0	4.898979485566356	10.0	0.0	-0.006974960140603622	-2.475746109823782	0.41128974000053914	4.616749988458125	12.021999879780003
48	786432	10	7.0	4.58257569495584	10.0	0.0	10	4.0	4.898979485566356	10.0	0.0	-0.007806077681173171	-2.4732167271183574	0.47598626335470795	4.270999989322501	9.464999905350002
52	851968	10	4.0	4.898979485566356	10.0	0.0	10	5.0	5.0	10.0	0.0	-0.008574074572320256	-2.468143311382528	0.4364563567730131	4.4239999889399995	10.988999890110003
56	917504	10	5.0	5.0	10.0	0.0	10	7.0	4.58257569495584	10.0	0.0	-0.008713656807536005	-2.421164596821986	0.44787617799196316	4.593749988515625	12.093999879060002
60	983040	10	3.0	4.58257569495584	10.0	0.0	10	8.0	4.0	10.0	0.0	-0.00741235969006482	-2.381699427714209	0.3569940581235453	4.445249988886875	10.316999896830001
64	1048576	10	6.0	4.898979485566356	10.0	0.0	10	6.0	4.898979485566356	10.0	0.0	-0.009118558231683857	-2.390719644476289	0.31686032001353776	4.654249988364374	5.986999940130001
68	1114112	10	7.0	4.58257569495584	10.0	0.0	10	5.0	5.0	10.0	0.0	-0.009264917929254381	-2.3746182618051797	0.32291553616264446	4.620249988449376	13.328999866710003
72	1179648	10	4.0	4.898979485566356	10.0	0.0	10	7.0	4.58257569495584	10.0	0.0	-0.010816056010991096	-2.378989745925411	0.31083001720896075	4.3429999891425	7.011999929880001
76	1245184	10	7.0	4.58257569495584	10.0	0.0	10	6.0	4.898979485566356	10.0	0.0	-0.009873976687415454	-2.29473817076224	0.2816737663328293	4.4727499888181255	10.546999894530002
80	1310720	10	3.0	4.58257569495584	10.0	0.0	10	10.0	0.0	10.0	10.0	-0.007843652651992349	-2.2675534111879565	0.28236505246573873	4.403249988991875	6.836999931630001
84	1376256	10	7.0	4.58257569495584	10.0	0.0	10	4.0	4.898979485566356	10.0	0.0	-0.008257787879957396	-2.2439827295787147	0.3175655354725329	4.491249988771875	9.49399990506
88	1441792	10	8.0	4.0	10.0	0.0	10	8.0	4.0	10.0	0.0	-0.009206026088224713	-2.2172700884615404	0.31808773362800086	4.356499989108751	10.050999899490002
92	1507328	10	5.0	5.0	10.0	0.0	10	6.0	4.898979485566356	10.0	0.0	-0.008561693004915234	-2.2199761318834805	0.317798795300649	4.57549998856125	5.895999941040001
96	1572864	10	5.0	5.0	10.0	0.0	10	7.0	4.58257569495584	10.0	0.0	-0.008672660128474216	-2.218019748496437	0.27343245934330274	4.32649998918375	13.111999868880002
100	1638400	10	6.0	4.898979485566356	10.0	0.0	10	7.0	4.58257569495584	10.0	0.0	-0.006854510836287714	-2.184451771051629	0.358628217714424	4.310249989224375	6.4029999359700005
104	1703936	10	4.0	4.898979485566356	10.0	0.0	10	6.0	4.898979485566356	10.0	0.0	-0.007644017100081187	-2.1893560511573447	0.31633834087409524	4.582499988543749	10.449999895500001
108	1769472	10	5.0	5.0	10.0	0.0	10	8.0	4.0	10.0	0.0	-0.008015165419918657	-2.2259787964488953	0.3636134817507091	4.37249998906875	2.2359999776400006
112	1835008	10	3.0	4.58257569495584	10.0	0.0	10	7.0	4.58257569495584	10.0	0.0	-0.007134086056354362	-2.2197190868529133	0.3492675679372019	4.58049998854875	12.985999870140002
116	1900544	10	8.0	4.0	10.0	0.0	10	8.0	4.0	10.0	0.0	-0.0063949795857608785	-2.267672158541498	0.46999171122979894	4.358749989103126	5.988999940110001
120	1966080	10	3.0	4.58257569495584	10.0	0.0	10	9.0	3.0	10.0	0.0	-0.007743840915081587	-2.260849502943886	0.31213721148522694	4.574749988563125	10.549999894500003
124	2031616	10	6.0	4.898979485566356	10.0	0.0	10	6.0	4.898979485566356	10.0	0.0	-0.007091458107595643	-2.2631321894751917	0.32595110758848145	4.41349998896625	13.101999868980002
128	2097152	10	4.0	4.898979485566356	10.0	0.0	10	9.0	3.0	10.0	0.0	-0.007066020127716951	-2.22766081717254	0.37287449103310827	4.26449998933875	6.118999938810001
132	2162688	10	5.0	5.0	10.0	0.0	10	7.0	4.58257569495584	10.0	0.0	-0.006899455816173747	-2.230376824504264	0.2994694114195539	4.52649998868375	9.985999900140003
136	2228224	10	5.0	5.0	10.0	0.0	10	8.0	4.0	10.0	0.0	-0.006800782516821609	-2.266696179670413	0.29832746908065483	4.40749998898125	3.1859999681400004
140	2293760	10	6.0	4.898979485566356	10.0	0.0	10	9.0	3.0	10.0	0.0	-0.006018731274383747	-2.215535262989684	0.3464066728899147	4.518249988704375	8.333999916660002
144	2359296	10	6.0	4.898979485566356	10.0	0.0	10	8.0	4.0	10.0	0.0	-0.008570950074819558	-2.317541638768701	0.29061594090191195	4.3932499890168755	7.798999922010002
148	2424832	10	4.0	4.898979485566356	10.0	0.0	10	6.0	4.898979485566356	10.0	0.0	-0.008022758720848712	-2.2673907078924245	0.2729225495235443	4.436249988909375	6.521999934780001
152	2490368	10	4.0	4.898979485566356	10.0	0.0	10	8.0	4.0	10.0	0.0	-0.008139621628046748	-2.2558296295637477	0.3335074850321106	4.522749988693126	8.661999913380003
156	2555904	10	6.0	4.898979485566356	10.0	0.0	10	9.0	3.0	10.0	0.0	-0.005942159232277933	-2.288486373682851	0.30112267375580964	4.530749988673126	3.449999965500001
160	2621440	10	8.0	4.0	10.0	0.0	10	7.0	4.58257569495584	10.0	0.0	-0.008494138263231869	-2.3242543610496162	0.23856655350574302	4.6069999884825	3.2399999676000006
164	2686976	10	6.0	4.898979485566356	10.0	0.0	10	8.0	4.0	10.0	0.0	-0.008472785522550345	-2.298683258154954	0.2834681452267132	4.598499988503749	9.267999907320002
168	2752512	10	1.0	3.0	10.0	0.0	10	7.0	4.58257569495584	10.0	0.0	-0.00807949412083687	-2.297093622147175	0.260718459701947	4.348249989129375	8.939999910600001
172	2818048	10	6.0	4.898979485566356	10.0	0.0	10	7.0	4.58257569495584	10.0	0.0	-0.008026912560199578	-2.293425204614318	0.22532692425089354	4.2749999893125	10.149999898500003
176	2883584	10	7.0	4.58257569495584	10.0	0.0	10	8.0	4.0	10.0	0.0	-0.008666071591209511	-2.3307789015328884	0.19403755173859863	4.53749998865625	12.818999871810004
180	2949120	10	5.0	5.0	10.0	0.0	10	7.0	4.58257569495584	10.0	0.0	-0.008018918220612467	-2.3202260109352135	0.2631027879850682	4.503749988740625	10.528999894710001
184	3014656	10	6.0	4.898979485566356	10.0	0.0	10	8.0	4.0	10.0	0.0	-0.006777245965371353	-2.2427328847496035	0.2833058885003559	4.641249988396875	12.258999877410002
188	3080192	10	7.0	4.58257569495584	10.0	0.0	10	6.0	4.898979485566356	10.0	0.0	-0.008520691902071215	-2.2941051619842106	0.23037505271617909	4.379499989051251	10.74099989259
192	3145728	10	7.0	4.58257569495584	10.0	0.0	10	7.0	4.58257569495584	10.0	0.0	-0.008834662778391681	-2.317492189265284	0.2248628094247693	4.498749988753125	11.062999889370003
196	3211264	10	3.0	4.58257569495584	10.0	0.0	10	9.0	3.0	10.0	0.0	-0.007797774203124301	-2.2922995684143253	0.24904059965363262	4.307999989230001	12.579999874200002
200	3276800	10	6.0	4.898979485566356	10.0	0.0	10	8.0	4.0	10.0	0.0	-0.008835447555903908	-2.3025406447634706	0.21848024596357413	4.4414999888962505	11.205999887940001
204	3342336	10	5.0	5.0	10.0	0.0	10	7.0	4.58257569495584	10.0	0.0	-0.007637769242554496	-2.29860484824476	0.20337650697732906	4.31649998920875	7.5439999245600005
208	3407872	10	5.0	5.0	10.0	0.0	10	6.0	4.898979485566356	10.0	0.0	-0.0083303389586756	-2.292794868111196	0.21571876129682385	4.335749989160625	11.860999881390002
212	3473408	10	6.0	4.898979485566356	10.0	0.0	10	8.0	4.0	10.0	0.0	-0.00862101175911989	-2.3367345305829996	0.20072769053362524	4.5519999886199995	10.01099989989
216	3538944	10	3.0	4.58257569495584	10.0	0.0	10	9.0	3.0	10.0	0.0	-0.007661807307573151	-2.2628215797371922	0.22864018160951666	4.403249988991875	2.2809999771900005
220	3604480	10	6.0	4.898979485566356	10.0	0.0	10	7.0	4.58257569495584	10.0	0.0	-0.008019786441231923	-2.2430972876795074	0.24745190591146823	4.594999988512501	10.466999895330002
224	3670016	10	7.0	4.58257569495584	10.0	0.0	10	9.0	3.0	10.0	0.0	-0.00835870257200682	-2.2121940004508045	0.2120854006859275	4.591749988520625	10.843999891560001
228	3735552	10	4.0	4.898979485566356	10.0	0.0	10	10.0	0.0	10.0	10.0	-0.007855323945265788	-2.259094707432505	0.19814203374817796	4.683249988291875	6.541999934580001
232	3801088	10	5.0	5.0	10.0	0.0	10	8.0	4.0	10.0	0.0	-0.007213110556986549	-2.259241834047537	0.24734944187942992	4.530249988674375	13.221999867780001
236	3866624	10	9.0	3.0	10.0	0.0	10	7.0	4.58257569495584	10.0	0.0	-0.008430457226829977	-2.317868915455494	0.182266838208723	4.381749989045625	6.7499999325000015
240	3932160	10	5.0	5.0	10.0	0.0	10	10.0	0.0	10.0	10.0	-0.007485123321332785	-2.220593328045958	0.19895766844142254	4.5204999886987505	5.314999946850001
244	3997696	10	4.0	4.898979485566356	10.0	0.0	10	8.0	4.0	10.0	0.0	-0.008353937016220881	-2.2548107129966874	0.21335856125330202	4.4814999887962506	7.6669999233300015
248	4063232	10	8.0	4.0	10.0	0.0	10	5.0	5.0	10.0	0.0	-0.007429581057127268	-2.202585386503778	0.16965965210865924	4.4869999887825	7.609999923900001
252	4128768	10	5.0	5.0	10.0	0.0	10	7.0	4.58257569495584	10.0	0.0	-0.0064504494760160135	-2.225448836651091	0.25123919512942994	4.4029999889925	8.04599991954
256	4194304	10	5.0	5.0	10.0	0.0	10	9.0	3.0	10.0	0.0	-0.007202679179052568	-2.25057412908873	0.23260111343797046	4.471249988821874	7.023999929760001
260	4259840	10	4.0	4.898979485566356	10.0	0.0	10	8.0	4.0	10.0	0.0	-0.006819131446311367	-2.25899111952695	0.2262628329682098	4.622249988444374	8.685999913140002
264	4325376	10	7.0	4.58257569495584	10.0	0.0	10	6.0	4.898979485566356	10.0	0.0	-0.008164594839155647	-2.326244989788607	0.20952238062697645	4.779499988051251	1.5089999849100002
268	4390912	10	6.0	4.898979485566356	10.0	0.0	10	6.0	4.898979485566356	10.0	0.0	-0.008035140070581336	-2.3147900648487374	0.15242184068351228	4.8149999879625005	7.231999927680001
272	4456448	10	3.0	4.58257569495584	10.0	0.0	10	7.0	4.58257569495584	10.0	0.0	-0.008985438065462896	-2.248301254972069	0.21024341102982994	5.1572499871068755	13.348999866510002
276	4521984	10	5.0	5.0	10.0	0.0	10	8.0	4.0	10.0	0.0	-0.007783996917874124	-2.2786054807514655	0.16498043432975862	4.995249987511874	4.620999953790001
280	4587520	10	5.0	5.0	10.0	0.0	10	8.0	4.0	10.0	0.0	-0.008393331003121927	-2.2938966028486365	0.157409240320071	5.02249998744375	7.445999925540001
284	4653056	10	4.0	4.898979485566356	10.0	0.0	10	7.0	4.58257569495584	10.0	0.0	-0.007639870134084946	-2.3434554236673026	0.15043222840550147	4.891249987771875	6.600999933990001
288	4718592	10	7.0	4.58257569495584	10.0	0.0	10	8.0	4.0	10.0	0.0	-0.008647776334033746	-2.2778462218852344	0.18292512059789787	4.6009999884975	5.172999948270001
292	4784128	10	2.0	4.0	10.0	0.0	10	8.0	4.0	10.0	0.0	-0.008106288038475122	-2.2973970793278022	0.17088667355870826	4.5209999886975	9.850999901490002
296	4849664	10	5.0	5.0	10.0	0.0	10	7.0	4.58257569495584	10.0	0.0	-0.008322392523993418	-2.2975517136445482	0.1646966206824832	5.096749987258125	12.184999878150002
300	4915200	10	6.0	4.898979485566356	10.0	0.0	10	6.0	4.898979485566356	10.0	0.0	-0.008896524530713934	-2.299154271442608	0.1741029049554159	4.927749987680625	9.986999900130002
304	4980736	10	7.0	4.58257569495584	10.0	0.0	10	5.0	5.0	10.0	0.0	-0.0076406772512123645	-2.304214089868849	0.19421371939742088	5.32799998668	12.118999878810001
308	5046272	10	6.0	4.898979485566356	10.0	0.0	10	9.0	3.0	10.0	0.0	-0.00867020795371019	-2.3124832384363	0.1958673481314995	4.98749998753125	6.838999931610002
312	5111808	10	7.0	4.58257569495584	10.0	0.0	10	10.0	0.0	10.0	10.0	-0.00764775772567259	-2.307634122429318	0.18937521841111785	4.507749988730625	5.921999940780001
316	5177344	10	5.0	5.0	10.0	0.0	10	9.0	3.0	10.0	0.0	-0.007904502565993132	-2.329711869116338	0.13848126259121216	4.454499988863749	6.776999932230002
320	5242880	10	6.0	4.898979485566356	10.0	0.0	10	6.0	4.898979485566356	10.0	0.0	-0.008561682316533498	-2.2955842512441578	0.1365003432005017	4.3549999891125	10.181999898180003
324	5308416	10	8.0	4.0	10.0	0.0	10	6.0	4.898979485566356	10.0	0.0	-0.007134789494723768	-2.253611124817224	0.20243448335120895	4.7509999881225005	2.5009999749900005
328	5373952	10	4.0	4.898979485566356	10.0	0.0	10	6.0	4.898979485566356	10.0	0.0	-0.006713653785389156	-2.224414124853167	0.16012070520354818	4.77349998806625	12.104999878950002
332	5439488	10	6.0	4.898979485566356	10.0	0.0	10	7.0	4.58257569495584	10.0	0.0	-0.008234389799681802	-2.2402315857659723	0.158949024725912	4.7609999880975	8.39499991605
336	5505024	10	5.0	5.0	10.0	0.0	10	8.0	4.0	10.0	0.0	-0.006064251413868483	-2.300096131621616	0.12213384067764464	4.610999988472501	1.6629999833700002
340	5570560	10	4.0	4.898979485566356	10.0	0.0	10	6.0	4.898979485566356	10.0	0.0	-0.008114459964785022	-2.2617984386909336	0.1199390516336247	4.474749988813126	10.471999895280002
344	5636096	10	4.0	4.898979485566356	10.0	0.0	10	8.0	4.0	10.0	0.0	-0.007676308840431508	-2.28110294268609	0.144859488960788	4.257249989356875	13.011999869880002
348	5701632	10	5.0	5.0	10.0	0.0	10	8.0	4.0	10.0	0.0	-0.007878949636898084	-2.2892908476391933	0.15714593400783544	4.341249989146875	10.195999898040002
352	5767168	10	5.0	5.0	10.0	0.0	10	7.0	4.58257569495584	10.0	0.0	-0.0080469822900447	-2.2915526278413467	0.1541120822691323	4.78949998802625	12.000999879990001
356	5832704	10	6.0	4.898979485566356	10.0	0.0	10	9.0	3.0	10.0	0.0	-0.008026618011245492	-2.2972789081524936	0.11635829301425461	4.63449998841375	7.589999924100001
360	5898240	10	7.0	4.58257569495584	10.0	0.0	10	9.0	3.0	10.0	0.0	-0.008852460025372638	-2.2833199374482795	0.14729773515542816	4.5927499885181255	4.747999952520001
364	5963776	10	7.0	4.58257569495584	10.0	0.0	10	8.0	4.0	10.0	0.0	-0.008078599515169788	-2.2275110083484932	0.2019022061123987	4.471249988821874	2.4989999750100007
368	6029312	10	2.0	4.0	10.0	0.0	10	8.0	4.0	10.0	0.0	-0.007727791389499164	-2.2854434497757294	0.1861888016380138	4.527249988681875	5.131999948680001
372	6094848	10	9.0	3.0	10.0	0.0	10	8.0	4.0	10.0	0.0	-0.00736431962452408	-2.2835327781841697	0.1432367704349066	4.653749988365624	11.472999885270003
376	6160384	10	3.0	4.58257569495584	10.0	0.0	10	8.0	4.0	10.0	0.0	-0.007945876327621535	-2.2993623661586584	0.14423483569845644	4.4254999889362505	11.298999887010002
380	6225920	10	5.0	5.0	10.0	0.0	10	7.0	4.58257569495584	10.0	0.0	-0.008272763139502027	-2.2443442516174548	0.15056796626482088	4.569749988575625	9.938999900610002
384	6291456	10	4.0	4.898979485566356	10.0	0.0	10	7.0	4.58257569495584	10.0	0.0	-0.006682574904729907	-2.262801197432208	0.15237758772723084	4.44849998887875	3.6569999634300006
388	6356992	10	5.0	5.0	10.0	0.0	10	8.0	4.0	10.0	0.0	-0.007489177179324766	-2.271020402274396	0.12117597195609785	4.433999988915001	6.928999930710002
392	6422528	10	6.0	4.898979485566356	10.0	0.0	10	8.0	4.0	10.0	0.0	-0.007477481225405655	-2.2865210893355217	0.15355173411421372	4.479249988801875	7.6509999234900015
396	6488064	10	4.0	4.898979485566356	10.0	0.0	10	7.0	4.58257569495584	10.0	0.0	-0.008182756654056121	-2.284314368923974	0.09297140221074346	4.549749988625624	10.665999893340002
400	6553600	10	8.0	4.0	10.0	0.0	10	5.0	5.0	10.0	0.0	-0.007764059930599702	-2.2739737702027525	0.12664292794109186	4.587499988531251	7.626999923730001
404	6619136	10	6.0	4.898979485566356	10.0	0.0	10	6.0	4.898979485566356	10.0	0.0	-0.006822296211386818	-2.2432160946376936	0.16823689404985215	4.50849998872875	10.965999890340001
408	6684672	10	3.0	4.58257569495584	10.0	0.0	10	5.0	5.0	10.0	0.0	-0.007320975668179177	-2.2693535136799423	0.14906683686809657	4.683749988290625	11.937999880620003
412	6750208	10	4.0	4.898979485566356	10.0	0.0	10	10.0	0.0	10.0	10.0	-0.006974803334015776	-2.287752630571635	0.13762814662693057	4.483749988790625	2.8589999714100003
416	6815744	10	3.0	4.58257569495584	10.0	0.0	10	10.0	0.0	10.0	10.0	-0.007664745891017571	-2.286991543829631	0.1613474630893086	4.593749988515625	6.752999932470002
420	6881280	10	5.0	5.0	10.0	0.0	10	7.0	4.58257569495584	10.0	0.0	-0.006992472281610815	-2.2986442444314257	0.17787825702388893	4.642499988393749	10.291999897080002
424	6946816	10	8.0	4.0	10.0	0.0	10	10.0	0.0	10.0	10.0	-0.0078036516707527225	-2.3042255587959133	0.16612187802302922	4.57549998856125	7.134999928650001
428	7012352	10	5.0	5.0	10.0	0.0	10	7.0	4.58257569495584	10.0	0.0	-0.006547814525447449	-2.3115028960085127	0.13622725986387882	4.777249988056875	12.082999879170002
432	7077888	10	4.0	4.898979485566356	10.0	0.0	10	7.0	4.58257569495584	10.0	0.0	-0.00776499287086213	-2.2954207879894053	0.14212401543505213	4.804999987987499	6.056999939430002
436	7143424	10	2.0	4.0	10.0	0.0	10	8.0	4.0	10.0	0.0	-0.007576303228354179	-2.268748640777771	0.18002364542012228	4.54649998863375	12.904999870950002
440	7208960	10	8.0	4.0	10.0	0.0	10	7.0	4.58257569495584	10.0	0.0	-0.008016527910890709	-2.2970633529217395	0.1414240011021948	4.42149998894625	10.261999897380003
444	7274496	10	8.0	4.0	10.0	0.0	10	9.0	3.0	10.0	0.0	-0.007206305797664127	-2.303946618992501	0.133399354396462	4.553999988615001	12.384999876150001
448	7340032	10	5.0	5.0	10.0	0.0	10	8.0	4.0	10.0	0.0	-0.007627102082363413	-2.3345862301739064	0.11902406701820037	4.6829999882925	7.281999927180001
452	7405568	10	6.0	4.898979485566356	10.0	0.0	10	9.0	3.0	10.0	0.0	-0.008142835668332475	-2.2220841966738276	0.11171772857585106	4.6469999883825	4.776999952230001
456	7471104	10	6.0	4.898979485566356	10.0	0.0	10	9.0	3.0	10.0	0.0	-0.007351205569488879	-2.2477515461686313	0.13798931387057478	4.7584999881037495	8.60699991393
460	7536640	10	5.0	5.0	10.0	0.0	10	6.0	4.898979485566356	10.0	0.0	-0.0054854365123038155	-2.2222424370715825	0.1624123265331932	4.423249988941875	7.641999923580002
464	7602176	10	8.0	4.0	10.0	0.0	10	8.0	4.0	10.0	0.0	-0.006720132060366868	-2.177535687656868	0.13230659547435902	4.398249989004376	6.771999932280002
468	7667712	10	5.0	5.0	10.0	0.0	10	10.0	0.0	10.0	10.0	-0.006577791342272845	-2.27436338093034	0.100324658511311	4.646249988384375	0.9019999909800002
472	7733248	10	6.0	4.898979485566356	10.0	0.0	10	9.0	3.0	10.0	0.0	-0.005165462881215462	-2.265149707359554	0.13984385783258707	4.55149998862125	3.3799999662000006
476	7798784	10	8.0	4.0	10.0	0.0	10	9.0	3.0	10.0	0.0	-0.0069321375017710836	-2.2663628580792294	0.14129452328278044	4.545999988635001	3.32799996672
480	7864320	10	6.0	4.898979485566356	10.0	0.0	10	9.0	3.0	10.0	0.0	-0.007304146683809544	-2.2690126868705716	0.17257328942793546	4.541999988645	10.520999894790002
484	7929856	10	8.0	4.0	10.0	0.0	10	8.0	4.0	10.0	0.0	-0.007180592522227854	-2.3281027374226655	0.14496955491334085	4.749999988125	11.763999882360002
488	7995392	10	5.0	5.0	10.0	0.0	10	8.0	4.0	10.0	0.0	-0.0073718344494006355	-2.33287715390859	0.14694197311398088	4.562999988592501	6.167999938320001
492	8060928	10	7.0	4.58257569495584	10.0	0.0	10	7.0	4.58257569495584	10.0	0.0	-0.006992160167282391	-2.314838242786399	0.1283388534271893	4.558749988603125	12.13899987861
496	8126464	10	7.0	4.58257569495584	10.0	0.0	10	9.0	3.0	10.0	0.0	-0.008361645175417822	-2.2569657810164885	0.15823400736845578	4.385749989035625	7.3629999263700014
500	8192000	10	2.0	4.0	10.0	0.0	10	6.0	4.898979485566356	10.0	0.0	-0.00641766238968403	-2.313280746099785	0.11713441553236797	4.516749988708125	8.523999914760001
504	8257536	10	5.0	5.0	10.0	0.0	10	10.0	0.0	10.0	10.0	-0.007866791012110295	-2.2998374027598345	0.14022447881380357	4.565999988585	10.192999898070001
508	8323072	10	6.0	4.898979485566356	10.0	0.0	10	8.0	4.0	10.0	0.0	-0.00652139272210942	-2.2746834727739116	0.12441623085434636	4.569499988576251	11.815999881840003
512	8388608	10	7.0	4.58257569495584	10.0	0.0	10	7.0	4.58257569495584	10.0	0.0	-0.007480251669958247	-2.299349238235648	0.14499657665576388	4.5282499886793754	13.241999867580002
516	8454144	10	4.0	4.898979485566356	10.0	0.0	10	9.0	3.0	10.0	0.0	-0.008160494592083243	-2.307747115451112	0.11952554673884494	4.3509999891225	7.553999924460001
520	8519680	10	5.0	5.0	10.0	0.0	10	8.0	4.0	10.0	0.0	-0.006774233034979379	-2.309055934109169	0.08642267989801905	4.7039999882400005	6.067999939320001
524	8585216	10	5.0	5.0	10.0	0.0	10	7.0	4.58257569495584	10.0	0.0	-0.006772913775322147	-2.326945051308475	0.08833886891614595	4.5287499886781255	9.427999905720002
528	8650752	10	6.0	4.898979485566356	10.0	0.0	10	6.0	4.898979485566356	10.0	0.0	-0.008055498582577805	-2.3364147392461785	0.09302606626686503	4.4769999888075	9.905999900940003
532	8716288	10	4.0	4.898979485566356	10.0	0.0	10	7.0	4.58257569495584	10.0	0.0	-0.006493944261749583	-2.3003479562787126	0.12688888448986632	4.510249988724374	11.824999881750001
536	8781824	10	7.0	4.58257569495584	10.0	0.0	10	10.0	0.0	10.0	10.0	-0.006111914465964207	-2.3252573333742013	0.10865757085492851	4.491249988771874	6.372999936270001
540	8847360	10	4.0	4.898979485566356	10.0	0.0	10	8.0	4.0	10.0	0.0	-0.0070263244893145295	-2.2256089148587264	0.19252959481608053	4.348249989129375	6.175999938240001
544	8912896	10	4.0	4.898979485566356	10.0	0.0	10	7.0	4.58257569495584	10.0	0.0	-0.007114183740230626	-2.3157187673024127	0.14317779183293303	4.44649998888375	10.663999893360002
548	8978432	10	6.0	4.898979485566356	10.0	0.0	10	8.0	4.0	10.0	0.0	-0.007105604361507033	-2.326615025357442	0.0954011820622995	4.403249988991875	7.154999928450001
552	9043968	10	6.0	4.898979485566356	10.0	0.0	10	7.0	4.58257569495584	10.0	0.0	-0.007357436267882198	-2.320627490437691	0.10796492037325257	4.3849999890374995	7.469999925300001
556	9109504	10	6.0	4.898979485566356	10.0	0.0	10	5.0	5.0	10.0	0.0	-0.007412362357915945	-2.289276465535116	0.11011259175155694	4.334999989162501	5.977999940220001
560	9175040	10	4.0	4.898979485566356	10.0	0.0	10	9.0	3.0	10.0	0.0	-0.007601743347364408	-2.292746352413881	0.11482768143728071	4.444249988889375	4.83199995168
564	9240576	10	5.0	5.0	10.0	0.0	10	8.0	4.0	10.0	0.0	-0.0068627072316430685	-2.271188621483096	0.12302344989612703	4.5389999886525	12.241999877580003
568	9306112	10	8.0	4.0	10.0	0.0	10	7.0	4.58257569495584	10.0	0.0	-0.0069469646858770035	-2.272085765760893	0.11872889868609643	4.50849998872875	9.113999908860002
572	9371648	10	6.0	4.898979485566356	10.0	0.0	10	8.0	4.0	10.0	0.0	-0.006394181268904193	-2.2465384972735576	0.14816644941465418	4.57199998857	9.089999909100001
576	9437184	10	5.0	5.0	10.0	0.0	10	8.0	4.0	10.0	0.0	-0.007238390323592256	-2.274609908224632	0.14703603844023708	4.284499989288751	9.225999907740002
580	9502720	10	4.0	4.898979485566356	10.0	0.0	10	7.0	4.58257569495584	10.0	0.0	-0.007549237592504172	-2.3306679276184354	0.11652727936112009	4.4322499889193745	10.761999892380002
584	9568256	10	5.0	5.0	10.0	0.0	10	9.0	3.0	10.0	0.0	-0.00715531646878585	-2.2971227092138222	0.11663428343548873	4.609749988475625	8.58699991413
588	9633792	10	4.0	4.898979485566356	10.0	0.0	10	9.0	3.0	10.0	0.0	-0.0077491390855167425	-2.29230412816965	0.09640527725146826	4.421999988945	11.939999880600002
592	9699328	10	4.0	4.898979485566356	10.0	0.0	10	9.0	3.0	10.0	0.0	-0.006702945251677764	-2.293786172826567	0.11883553706113416	4.63149998842125	6.263999937360001
596	9764864	10	6.0	4.898979485566356	10.0	0.0	10	6.0	4.898979485566356	10.0	0.0	-0.0069014276516186895	-2.302405836441691	0.12776632432969556	4.580749988548125	9.751999902480001
600	9830400	10	5.0	5.0	10.0	0.0	10	8.0	4.0	10.0	0.0	-0.006581458812961084	-2.28761050577971	0.1402248504115108	4.5009999887475	13.222999867770003
604	9895936	10	7.0	4.58257569495584	10.0	0.0	10	9.0	3.0	10.0	0.0	-0.007047246136783415	-2.345270203803063	0.08608771710303106	4.872999987817501	5.524999944750001
608	9961472	10	5.0	5.0	10.0	0.0	10	9.0	3.0	10.0	0.0	-0.008134160529518073	-2.3346677146903594	0.04449839188137365	4.70249998824375	6.014999939850001
612	10027008	10	4.0	4.898979485566356	10.0	0.0	10	6.0	4.898979485566356	10.0	0.0	-0.006047187821096244	-2.314646800117981	0.0952735608150349	4.754749988113125	12.473999875260002
616	10092544	10	9.0	3.0	10.0	0.0	10	9.0	3.0	10.0	0.0	-0.006077230453808891	-2.3129928954019796	0.131089528194012	4.660499988348751	6.4429999355700005
620	10158080	10	6.0	4.898979485566356	10.0	0.0	10	8.0	4.0	10.0	0.0	-0.004839951678858598	-2.256562024119876	0.10450871962896631	4.749749988125625	11.610999883890003
624	10223616	10	4.0	4.898979485566356	10.0	0.0	10	10.0	0.0	10.0	10.0	-0.006398065039260364	-2.3464293999015875	0.12393474806516566	4.433999988915	7.5119999248800005
628	10289152	10	6.0	4.898979485566356	10.0	0.0	10	8.0	4.0	10.0	0.0	-0.0073777747982800715	-2.2767420433573586	0.18390223544969303	4.6009999884975	7.863999921360001
632	10354688	10	4.0	4.898979485566356	10.0	0.0	10	8.0	4.0	10.0	0.0	-0.0063995230029229	-2.280340999127317	0.11848682090181932	4.6089999884775	12.813999871860002
636	10420224	10	8.0	4.0	10.0	0.0	10	8.0	4.0	10.0	0.0	-0.006170944826674919	-2.332796404516089	0.07769583382144868	4.50149998874625	11.376999886230003
640	10485760	10	7.0	4.58257569495584	10.0	0.0	10	6.0	4.898979485566356	10.0	0.0	-0.007122255652439832	-2.2762248488876424	0.15389936966770637	4.569999988575001	11.905999880940003
644	10551296	10	5.0	5.0	10.0	0.0	10	8.0	4.0	10.0	0.0	-0.006024956161712253	-2.277446234982403	0.11375919883506644	4.682249988294375	5.463999945360001
648	10616832	10	6.0	4.898979485566356	10.0	0.0	10	8.0	4.0	10.0	0.0	-0.007002052241536789	-2.3016593056506447	0.14564738739316935	4.4969999887575	7.368999926310001
652	10682368	10	5.0	5.0	10.0	0.0	10	8.0	4.0	10.0	0.0	-0.007207001973415175	-2.35970079874254	0.06272453468726114	4.62449998843875	1.9429999805700005
656	10747904	10	8.0	4.0	10.0	0.0	10	9.0	3.0	10.0	0.0	-0.00798273546911549	-2.2280530058010135	0.11705036941317357	4.4009999889975	2.2199999778000006
660	10813440	10	5.0	5.0	10.0	0.0	10	7.0	4.58257569495584	10.0	0.0	-0.006533435613090092	-2.2441068885372957	0.0968365003253976	4.779249988051874	11.777999882220003
664	10878976	10	8.0	4.0	10.0	0.0	10	10.0	0.0	10.0	10.0	-0.0053015629352795544	-2.2352363216535434	0.09771099324717299	4.733999988165	6.027999939720001
668	10944512	10	5.0	5.0	10.0	0.0	10	8.0	4.0	10.0	0.0	-0.006174955904461452	-2.2881444739898744	0.1058016646310373	4.658249988354375	13.076999869230002
672	11010048	10	6.0	4.898979485566356	10.0	0.0	10	8.0	4.0	10.0	0.0	-0.0067096102519810285	-2.2949146427307134	0.0734675866669194	4.3409999891475	6.185999938140001
676	11075584	10	6.0	4.898979485566356	10.0	0.0	10	7.0	4.58257569495584	10.0	0.0	-0.006334377199838104	-2.257923307282964	0.12741993727232173	4.68149998829625	11.57199988428
680	11141120	10	7.0	4.58257569495584	10.0	0.0	10	8.0	4.0	10.0	0.0	-0.006706395270671449	-2.272781245173694	0.07213763981150917	4.54349998864125	12.019999879800002
684	11206656	10	5.0	5.0	10.0	0.0	10	8.0	4.0	10.0	0.0	-0.005767095265891366	-2.271285181007622	0.08724087029562853	4.533749988665624	7.973999920260002
688	11272192	10	7.0	4.58257569495584	10.0	0.0	10	9.0	3.0	10.0	0.0	-0.006288036084952014	-2.282992996037613	0.14113906674401883	4.498749988753126	7.510999924890001
692	11337728	10	4.0	4.898979485566356	10.0	0.0	10	7.0	4.58257569495584	10.0	0.0	-0.006871168549465766	-2.260313118262081	0.11985836949037455	4.590749988523125	10.779999892200001
696	11403264	10	7.0	4.58257569495584	10.0	0.0	10	9.0	3.0	10.0	0.0	-0.006126888216960292	-2.304839794594367	0.150499968851451	4.7309999881725	6.324999936750001
700	11468800	10	5.0	5.0	10.0	0.0	10	7.0	4.58257569495584	10.0	0.0	-0.0065204261839000525	-2.245975394809735	0.1544378793947955	4.262749989343125	7.017999929820001
704	11534336	10	7.0	4.58257569495584	10.0	0.0	10	9.0	3.0	10.0	0.0	-0.006408040209801345	-2.196567170093132	0.23642394479695372	4.476249988809375	8.198999918010001
708	11599872	10	6.0	4.898979485566356	10.0	0.0	10	10.0	0.0	10.0	10.0	-0.00645882732526563	-2.2243248023259268	0.09246595218435351	4.389249989026876	6.4189999358100005
712	11665408	10	6.0	4.898979485566356	10.0	0.0	10	8.0	4.0	10.0	0.0	-0.005671689325042347	-2.19497229136014	0.17421781099138847	4.648499988378751	4.9849999501500015
716	11730944	10	5.0	5.0	10.0	0.0	10	9.0	3.0	10.0	0.0	-0.005936266082535535	-2.2959752179774138	0.13248493497742508	4.60749998848125	7.162999928370001
720	11796480	10	7.0	4.58257569495584	10.0	0.0	10	8.0	4.0	10.0	0.0	-0.007063698008269946	-2.3091951804934574	0.09956153915778816	4.25649998935875	12.445999875540002
724	11862016	10	5.0	5.0	10.0	0.0	10	7.0	4.58257569495584	10.0	0.0	-0.007689445169598283	-2.2906632520355843	0.09661755118055905	4.325749989185625	6.172999938270001
728	11927552	10	5.0	5.0	10.0	0.0	10	9.0	3.0	10.0	0.0	-0.00586558398147481	-2.336266899858936	0.15568561213952817	4.523749988690625	5.67699994323
732	11993088	10	5.0	5.0	10.0	0.0	10	10.0	0.0	10.0	10.0	-0.00607263920086354	-2.2519339047510103	0.11923523905686763	4.691749988270625	7.448999925510001
736	12058624	10	8.0	4.0	10.0	0.0	10	9.0	3.0	10.0	0.0	-0.007165447476999655	-2.2448908932652136	0.20690639501144914	4.531749988670626	8.68099991319
740	12124160	10	6.0	4.898979485566356	10.0	0.0	10	7.0	4.58257569495584	10.0	0.0	-0.006493502725112451	-2.319976692156725	0.16303056119795142	4.295249989261875	5.72499994275
744	12189696	10	8.0	4.0	10.0	0.0	10	8.0	4.0	10.0	0.0	-0.005859103693482159	-2.3232315999829685	0.1626938623206718	4.61249998846875	5.686999943130001
748	12255232	10	6.0	4.898979485566356	10.0	0.0	10	8.0	4.0	10.0	0.0	-0.0068911404492101366	-2.277481602888493	0.10980365602707987	4.5929999885175	13.079999869200002
752	12320768	10	8.0	4.0	10.0	0.0	10	9.0	3.0	10.0	0.0	-0.006141163539083788	-2.307390168068858	0.17302325113892028	4.609999988475001	4.956999950430001
756	12386304	10	6.0	4.898979485566356	10.0	0.0	10	9.0	3.0	10.0	0.0	-0.007585732526238511	-2.333089358861603	0.11233036890231947	4.601999988495001	7.138999928610001
760	12451840	10	4.0	4.898979485566356	10.0	0.0	10	6.0	4.898979485566356	10.0	0.0	-0.006320696905528234	-2.3468888672728445	0.10482543824157566	4.5989999885025	10.991999890080002
764	12517376	10	3.0	4.58257569495584	10.0	0.0	10	8.0	4.0	10.0	0.0	-0.00620573708082633	-2.380765559524654	0.12879158316468345	4.635749988410625	6.596999934030001
768	12582912	10	6.0	4.898979485566356	10.0	0.0	10	8.0	4.0	10.0	0.0	-0.007252781982214692	-2.359659455470812	0.1014351311111711	4.465749988835625	11.163999888360001
772	12648448	10	5.0	5.0	10.0	0.0	10	8.0	4.0	10.0	0.0	-0.00658085405476681	-2.292812819043379	0.12325050145035112	4.475749988810625	5.792999942070001
776	12713984	10	5.0	5.0	10.0	0.0	10	9.0	3.0	10.0	0.0	-0.006216928046907281	-2.2952068371170062	0.10477272427791236	4.579499988551251	6.664999933350001
780	12779520	10	4.0	4.898979485566356	10.0	0.0	10	8.0	4.0	10.0	0.0	-0.0066465181315883675	-2.2660390260441985	0.12662293772291155	4.52549998868625	12.083999879160002
784	12845056	10	7.0	4.58257569495584	10.0	0.0	10	10.0	0.0	10.0	10.0	-0.005976414838474289	-2.247556750738945	0.11384563329219809	4.629249988426876	3.5959999640400007
788	12910592	10	5.0	5.0	10.0	0.0	10	10.0	0.0	10.0	10.0	-0.006050135132051821	-2.2033968640058803	0.14951133641098696	4.5132499887168755	4.891999951080001
792	12976128	10	5.0	5.0	10.0	0.0	10	10.0	0.0	10.0	10.0	-0.006527069179282175	-2.299065716325169	0.10373643119126924	4.6089999884775	5.987999940120002
796	13041664	10	7.0	4.58257569495584	10.0	0.0	10	10.0	0.0	10.0	10.0	-0.007009828341200603	-2.300637513159474	0.12156357162840355	4.363749989090625	8.22899991771
800	13107200	10	8.0	4.0	10.0	0.0	10	9.0	3.0	10.0	0.0	-0.00610898876702806	-2.3154592735143567	0.11957269059800792	4.449749988875625	6.67199993328
804	13172736	10	6.0	4.898979485566356	10.0	0.0	10	9.0	3.0	10.0	0.0	-0.005389620367516466	-2.3008353012390335	0.11310757707091898	4.4092499889768755	11.275999887240001
808	13238272	10	5.0	5.0	10.0	0.0	10	9.0	3.0	10.0	0.0	-0.006172514413228521	-2.288710968951395	0.08618734535484274	4.277249989306875	7.216999927830001
812	13303808	10	5.0	5.0	10.0	0.0	10	8.0	4.0	10.0	0.0	-0.006279906735120748	-2.263559423151263	0.10043329767767965	4.412749988968125	1.8219999817800003
816	13369344	10	8.0	4.0	10.0	0.0	10	9.0	3.0	10.0	0.0	-0.006122275938922758	-2.274487830461564	0.10682885976326781	4.6209999884475	0.5209999947900001
820	13434880	10	4.0	4.898979485566356	10.0	0.0	10	10.0	0.0	10.0	10.0	-0.0070687850231392025	-2.2181477618887127	0.13246901642393033	4.413749988965625	7.351999926480001
824	13500416	10	5.0	5.0	10.0	0.0	10	5.0	5.0	10.0	0.0	-0.005965214710750044	-2.2518639785685886	0.09178745442976592	4.565749988585624	10.257999897420001
828	13565952	10	7.0	4.58257569495584	10.0	0.0	10	10.0	0.0	10.0	10.0	-0.005863982174555576	-2.192790085842281	0.14299288111180672	4.562249988594375	7.331999926680001
832	13631488	10	3.0	4.58257569495584	10.0	0.0	10	8.0	4.0	10.0	0.0	-0.006095775557667823	-2.26105605787328	0.08332455774366883	4.4949999887625	7.921999920780001
836	13697024	10	5.0	5.0	10.0	0.0	10	5.0	5.0	10.0	0.0	-0.00650702790328196	-2.214173728990383	0.0657627174445843	4.52649998868375	11.961999880380002
840	13762560	10	6.0	4.898979485566356	10.0	0.0	10	8.0	4.0	10.0	0.0	-0.005264506000515857	-2.1847453015753753	0.08876485760796053	4.680499988298751	9.87199990128
844	13828096	10	5.0	5.0	10.0	0.0	10	8.0	4.0	10.0	0.0	-0.006914287892148503	-2.278771785160952	0.06698033359406985	4.93599998766	7.255999927440001
848	13893632	10	7.0	4.58257569495584	10.0	0.0	10	10.0	0.0	10.0	10.0	-0.006257280063997924	-2.2901855977970924	0.09808310135798179	4.437249988906875	6.751999932480001
852	13959168	10	4.0	4.898979485566356	10.0	0.0	10	7.0	4.58257569495584	10.0	0.0	-0.005989306140067156	-2.285998565217153	0.12809241092205648	4.801749987995625	10.349999896500002
856	14024704	10	6.0	4.898979485566356	10.0	0.0	10	9.0	3.0	10.0	0.0	-0.0064179898174779116	-2.2818649557836146	0.1720067790219821	4.812249987969375	1.6549999834500002
860	14090240	10	7.0	4.58257569495584	10.0	0.0	10	10.0	0.0	10.0	10.0	-0.006640957556167202	-2.2760460672391845	0.14528416794142707	4.562999988592501	6.904999930950002
864	14155776	10	6.0	4.898979485566356	10.0	0.0	10	8.0	4.0	10.0	0.0	-0.006493242951597779	-2.2501136534055655	0.12325728109064255	4.6049999884875	11.046999889530003
868	14221312	10	5.0	5.0	10.0	0.0	10	9.0	3.0	10.0	0.0	-0.006172584570437149	-2.289058290183519	0.11605676856080001	4.57999998855	0.6799999932000002
872	14286848	10	3.0	4.58257569495584	10.0	0.0	10	6.0	4.898979485566356	10.0	0.0	-0.006294474126309443	-2.224905910359523	0.16427476582113607	4.70849998822875	6.657999933420001
876	14352384	10	8.0	4.0	10.0	0.0	10	7.0	4.58257569495584	10.0	0.0	-0.007301577436462198	-2.2411358627329268	0.08392694106537811	4.44749998888125	7.374999926250001
880	14417920	10	6.0	4.898979485566356	10.0	0.0	10	9.0	3.0	10.0	0.0	-0.00684226624848604	-2.2093990815364593	0.13568307135858643	4.629749988425624	6.081999939180001
884	14483456	10	6.0	4.898979485566356	10.0	0.0	10	9.0	3.0	10.0	0.0	-0.006498627380935761	-2.227439378466642	0.10184755815529128	4.532249988669374	7.769999922300001
888	14548992	10	4.0	4.898979485566356	10.0	0.0	10	9.0	3.0	10.0	0.0	-0.005538972719810415	-2.2339376208839363	0.10119677120541656	4.5599999885999996	7.632999923670001
892	14614528	10	8.0	4.0	10.0	0.0	10	9.0	3.0	10.0	0.0	-0.005047252652204339	-2.2617059173810907	0.12103711389451804	4.332499989168751	7.269999927300001
896	14680064	10	6.0	4.898979485566356	10.0	0.0	10	8.0	4.0	10.0	0.0	-0.006338882343037759	-2.2589750287563892	0.07634200577915455	4.5844999885387505	10.534999894650001
900	14745600	10	6.0	4.898979485566356	10.0	0.0	10	7.0	4.58257569495584	10.0	0.0	-0.004299509571417335	-2.224662321077513	0.078209207307472	4.584249988539375	4.155999958440001
904	14811136	10	8.0	4.0	10.0	0.0	10	8.0	4.0	10.0	0.0	-0.004706583778407497	-2.2880296456417266	0.1349896824739268	4.542249988644375	11.858999881410002
908	14876672	10	5.0	5.0	10.0	0.0	10	8.0	4.0	10.0	0.0	-0.005592487727601848	-2.2729341360545807	0.14443905401712107	4.575249988561875	13.1199998688
912	14942208	10	8.0	4.0	10.0	0.0	10	8.0	4.0	10.0	0.0	-0.0057542890323695976	-2.2705563205102233	0.15528858253511718	4.58849998852875	1.7969999820300002
916	15007744	10	5.0	5.0	10.0	0.0	10	7.0	4.58257569495584	10.0	0.0	-0.0063972980454012045	-2.309941656646912	0.14171219019993805	4.560249988599375	9.943999900560003
920	15073280	10	4.0	4.898979485566356	10.0	0.0	10	8.0	4.0	10.0	0.0	-0.006169115268943128	-2.253058063252518	0.17671436166567867	4.52449998868875	11.869999881300002
924	15138816	10	5.0	5.0	10.0	0.0	10	8.0	4.0	10.0	0.0	-0.005540210440235992	-2.2175855559780886	0.14962815472384078	4.582249988544374	12.701999872980002
928	15204352	10	5.0	5.0	10.0	0.0	10	10.0	0.0	10.0	10.0	-0.0054232699398006476	-2.301223079123794	0.11749274934349456	4.66649998833375	5.569999944300001
932	15269888	10	7.0	4.58257569495584	10.0	0.0	10	8.0	4.0	10.0	0.0	-0.00654900641461602	-2.300016072649584	0.14576762047785286	4.55349998861625	7.371999926280001
936	15335424	10	8.0	4.0	10.0	0.0	10	8.0	4.0	10.0	0.0	-0.00696074340449083	-2.265098462266214	0.1449282942964913	4.4172499889568755	2.1029999789700007
940	15400960	10	7.0	4.58257569495584	10.0	0.0	10	9.0	3.0	10.0	0.0	-0.006060284627261263	-2.244651992881925	0.1591408185029406	4.509999988725	11.916999880830002
944	15466496	10	7.0	4.58257569495584	10.0	0.0	10	9.0	3.0	10.0	0.0	-0.006855322608815346	-2.2527379440901507	0.07423606642214287	4.600749988498125	11.162999888370003
948	15532032	10	5.0	5.0	10.0	0.0	10	9.0	3.0	10.0	0.0	-0.00641199881338157	-2.266257449748482	0.10083286556296239	4.58349998854125	8.06199991938
952	15597568	10	6.0	4.898979485566356	10.0	0.0	10	8.0	4.0	10.0	0.0	-0.006472463456938105	-2.2918296553290727	0.0967664279641368	4.515749988710626	11.179999888200001
956	15663104	10	4.0	4.898979485566356	10.0	0.0	10	7.0	4.58257569495584	10.0	0.0	-0.006446699351661945	-2.296195916592306	0.12573007879012324	4.543749988640625	10.062999899370002
960	15728640	10	5.0	5.0	10.0	0.0	10	7.0	4.58257569495584	10.0	0.0	-0.005956253711687606	-2.3467873282769536	0.12231468877567536	4.557999988605	11.245999887540002
964	15794176	10	6.0	4.898979485566356	10.0	0.0	10	9.0	3.0	10.0	0.0	-0.006643668524616942	-2.3286506754714478	0.10825184118427233	4.51749998870625	6.927999930720001
968	15859712	10	5.0	5.0	10.0	0.0	10	9.0	3.0	10.0	0.0	-0.005887771145952676	-2.358653860541857	0.0680928865648346	4.37649998905875	2.6939999730600004
972	15925248	10	7.0	4.58257569495584	10.0	0.0	10	9.0	3.0	10.0	0.0	-0.006280063563536467	-2.317272461709396	0.10836828689048614	4.604749988488125	5.195999948040001
976	15990784	10	4.0	4.898979485566356	10.0	0.0	10	9.0	3.0	10.0	0.0	-0.006621141332811928	-2.290092527627812	0.1416534654803788	4.565249988586875	6.011999939880001
980	16056320	10	6.0	4.898979485566356	10.0	0.0	10	8.0	4.0	10.0	0.0	-0.007045800322757435	-2.2452538259472132	0.11306906494220728	4.3269999891825	10.032999899670001
984	16121856	10	3.0	4.58257569495584	10.0	0.0	10	9.0	3.0	10.0	0.0	-0.007088593199285356	-2.2362412038102875	0.07695819666622426	4.574249988564374	6.102999938970001
988	16187392	10	6.0	4.898979485566356	10.0	0.0	10	8.0	4.0	10.0	0.0	-0.006552621921627644	-2.322108365353454	0.04700692426311693	4.643249988391875	8.418999915810002
992	16252928	10	3.0	4.58257569495584	10.0	0.0	10	8.0	4.0	10.0	0.0	-0.006074560681831158	-2.285624272883271	0.11032704464562869	4.310749989223126	12.443999875560003
996	16318464	10	6.0	4.898979485566356	10.0	0.0	10	10.0	0.0	10.0	10.0	-0.006663561274069075	-2.27631376163295	0.1195435773185106	4.27249998931875	5.768999942310001
1000	16384000	10	6.0	4.898979485566356	10.0	0.0	10	9.0	3.0	10.0	0.0	-0.005961049838622117	-2.2801380949824153	0.1184796102629027	4.6669999883325	7.105999928940001
1004	16449536	10	6.0	4.898979485566356	10.0	0.0	10	9.0	3.0	10.0	0.0	-0.006212839058166623	-2.2439112263567336	0.10488030701404065	4.594999988512501	6.871999931280001
1008	16515072	10	5.0	5.0	10.0	0.0	10	8.0	4.0	10.0	0.0	-0.005692477208881148	-2.3074462312043176	0.08353709857428744	4.516749988708125	5.017999949820001
1012	16580608	10	5.0	5.0	10.0	0.0	10	8.0	4.0	10.0	0.0	-0.004930078257622893	-2.275923385979088	0.10851065999629281	4.517999988705001	5.054999949450001
1016	16646144	10	3.0	4.58257569495584	10.0	0.0	10	9.0	3.0	10.0	0.0	-0.005114380347320157	-2.2741415249919283	0.0918223023862235	4.560749988598125	6.910999930890001
1020	16711680	10	7.0	4.58257569495584	10.0	0.0	10	9.0	3.0	10.0	0.0	-0.005900027646922282	-2.293699336309719	0.10739606838951628	4.571749988570625	1.44799998552
1024	16777216	10	2.0	4.0	10.0	0.0	10	7.0	4.58257569495584	10.0	0.0	-0.005778990435529932	-2.2755178185913905	0.07799507039368749	4.546999988632501	10.990999890090002
1028	16842752	10	8.0	4.0	10.0	0.0	10	8.0	4.0	10.0	0.0	-0.005878990144380317	-2.20997732606358	0.08285325378635869	4.558499988603749	13.108999868910002
1032	16908288	10	7.0	4.58257569495584	10.0	0.0	10	7.0	4.58257569495584	10.0	0.0	-0.005622623778759613	-2.217076321211976	0.1534661847627738	4.51149998872125	4.920999950790001
1036	16973824	10	4.0	4.898979485566356	10.0	0.0	10	8.0	4.0	10.0	0.0	-0.006125127179346667	-2.219852422443262	0.10005365351802593	4.52749998868125	6.1899999381000015
1040	17039360	10	5.0	5.0	10.0	0.0	10	10.0	0.0	10.0	10.0	-0.005745025511116189	-2.2845172606512416	0.10151748237850032	4.6084999884787505	7.078999929210001
1044	17104896	10	6.0	4.898979485566356	10.0	0.0	10	10.0	0.0	10.0	10.0	-0.005603597064714334	-2.295321931202529	0.07695744191658911	4.5549999886125	6.761999932380001
1048	17170432	10	6.0	4.898979485566356	10.0	0.0	10	10.0	0.0	10.0	10.0	-0.005573738967263997	-2.2893561172087424	0.10918477843930437	4.58249998854375	1.0289999897100002
1052	17235968	10	3.0	4.58257569495584	10.0	0.0	10	9.0	3.0	10.0	0.0	-0.005560785470785452	-2.3008016643511686	0.11351494109627812	4.526749988683125	4.64499995355
1056	17301504	10	6.0	4.898979485566356	10.0	0.0	10	8.0	4.0	10.0	0.0	-0.005848185068919998	-2.2986121597478517	0.10852252915923355	4.837249987906875	5.090999949090001
1060	17367040	10	6.0	4.898979485566356	10.0	0.0	10	10.0	0.0	10.0	10.0	-0.0072235424296856485	-2.2942510070993802	0.08139644053033177	4.8537499878656245	6.995999930040002
1064	17432576	10	6.0	4.898979485566356	10.0	0.0	10	6.0	4.898979485566356	10.0	0.0	-0.005690251621989119	-2.2868128366869787	0.1435789299668815	4.4572499888568755	11.945999880540002
1068	17498112	10	7.0	4.58257569495584	10.0	0.0	10	9.0	3.0	10.0	0.0	-0.005403180885012104	-2.237035897637834	0.130889973007478	4.497999988755	1.23399998766
1072	17563648	10	7.0	4.58257569495584	10.0	0.0	10	8.0	4.0	10.0	0.0	-0.006793407107781544	-2.307376637814496	0.1428733791153442	4.61199998847	9.63599990364
1076	17629184	10	8.0	4.0	10.0	0.0	10	9.0	3.0	10.0	0.0	-0.006130695667371737	-2.321008118248606	0.15579762859199286	4.484749988788125	10.683999893160001
1080	17694720	10	3.0	4.58257569495584	10.0	0.0	10	8.0	4.0	10.0	0.0	-0.006569870390419542	-2.2774627082161016	0.13950612462457562	4.51349998871625	7.398999926010001
1084	17760256	10	5.0	5.0	10.0	0.0	10	10.0	0.0	10.0	10.0	-0.005992206384065591	-2.2689323795458525	0.1024971150220706	4.419249988951875	6.241999937580001
1088	17825792	10	7.0	4.58257569495584	10.0	0.0	10	7.0	4.58257569495584	10.0	0.0	-0.007898396147019147	-2.2491155487936365	0.10810507921113195	4.553249988616876	2.5849999741500005
1092	17891328	10	3.0	4.58257569495584	10.0	0.0	10	10.0	0.0	10.0	10.0	-0.004911233452219225	-2.2791174399465493	0.07970279636738703	4.649249988376876	6.62899993371
1096	17956864	10	9.0	3.0	10.0	0.0	10	8.0	4.0	10.0	0.0	-0.00594846968971861	-2.239325590198427	0.10627895639102244	4.498999988752501	5.792999942070001
1100	18022400	10	6.0	4.898979485566356	10.0	0.0	10	9.0	3.0	10.0	0.0	-0.006179163256055245	-2.2825102927890035	0.08109291178338532	4.467249988831875	5.931999940680002
1104	18087936	10	6.0	4.898979485566356	10.0	0.0	10	7.0	4.58257569495584	10.0	0.0	-0.005012824900488827	-2.2377764878326176	0.09576753430855948	4.447749988880625	10.112999898870001
1108	18153472	10	5.0	5.0	10.0	0.0	10	10.0	0.0	10.0	10.0	-0.006463043582631542	-2.3216384870375775	0.09749655571992372	4.520749988698125	6.1339999386600015
1112	18219008	10	8.0	4.0	10.0	0.0	10	9.0	3.0	10.0	0.0	-0.005846361347718874	-2.3206857192085764	0.119835765030325	4.75149998812125	6.936999930630002
1116	18284544	10	3.0	4.58257569495584	10.0	0.0	10	8.0	4.0	10.0	0.0	-0.005406926475231919	-2.2763097730888044	0.08163523145411404	4.5844999885387505	11.276999887230001
1120	18350080	10	7.0	4.58257569495584	10.0	0.0	10	7.0	4.58257569495584	10.0	0.0	-0.00483802599238748	-2.344227626675556	0.11120475703312886	4.584749988538125	12.877999871220002
1124	18415616	10	5.0	5.0	10.0	0.0	10	10.0	0.0	10.0	10.0	-0.004828686524688502	-2.314909346160555	0.08810996893884464	4.96449998758875	6.863999931360001
1128	18481152	10	4.0	4.898979485566356	10.0	0.0	10	9.0	3.0	10.0	0.0	-0.005473267914603457	-2.302292386450953	0.09573873994883628	4.803749987990626	11.818999881810003
1132	18546688	10	6.0	4.898979485566356	10.0	0.0	10	10.0	0.0	10.0	10.0	-0.005181734992893194	-2.2785139727205834	0.08906991875889185	4.725749988185624	7.224999927750001
1136	18612224	10	10.0	0.0	10.0	10.0	10	8.0	4.0	10.0	0.0	-0.0054714109277241236	-2.3017241828229493	0.09856805799976799	4.5447499886381255	2.8089999719100005
1140	18677760	10	7.0	4.58257569495584	10.0	0.0	10	7.0	4.58257569495584	10.0	0.0	-0.005651285080620628	-2.3124234152411667	0.08213086914346908	4.167499989581249	10.922999890770003
1144	18743296	10	9.0	3.0	10.0	0.0	10	10.0	0.0	10.0	10.0	-0.005382131418370503	-2.2855425847176147	0.09123475687636891	4.875999987809999	5.536999944630001
1148	18808832	10	4.0	4.898979485566356	10.0	0.0	10	10.0	0.0	10.0	10.0	-0.005368984861632643	-2.28713154272256	0.1184906335230113	4.6309999884225	7.633999923660001
1152	18874368	10	6.0	4.898979485566356	10.0	0.0	10	8.0	4.0	10.0	0.0	-0.005762451456278854	-2.279063107829315	0.09089356481392594	4.7674999880812505	6.080999939190002
1156	18939904	10	5.0	5.0	10.0	0.0	10	7.0	4.58257569495584	10.0	0.0	-0.004618531714614644	-2.2485562982799823	0.08490158030654979	4.593999988515001	11.928999880710002
1160	19005440	10	5.0	5.0	10.0	0.0	10	10.0	0.0	10.0	10.0	-0.005473512704496084	-2.2744218083833747	0.17916601638305987	4.62399998844	7.238999927610001
1164	19070976	10	3.0	4.58257569495584	10.0	0.0	10	9.0	3.0	10.0	0.0	-0.005702368126258285	-2.2934658425644163	0.13639775479809457	4.5212499886968756	6.382999936170001
1168	19136512	10	4.0	4.898979485566356	10.0	0.0	10	10.0	0.0	10.0	10.0	-0.004594597232553893	-2.317282035705462	0.08130204216894368	4.827249987931874	7.819999921800002
1172	19202048	10	5.0	5.0	10.0	0.0	10	10.0	0.0	10.0	10.0	-0.0061897715113061495	-2.333778475478575	0.12745197869790226	4.907999987729999	6.755999932440002
1176	19267584	10	6.0	4.898979485566356	10.0	0.0	10	9.0	3.0	10.0	0.0	-0.005223285117670849	-2.3197839034167456	0.0882974019531385	4.561499988596251	6.715999932840001
1180	19333120	10	5.0	5.0	10.0	0.0	10	8.0	4.0	10.0	0.0	-0.005362130401456423	-2.303475811837577	0.1238145586944355	4.723249988191875	12.159999878400003
1184	19398656	10	5.0	5.0	10.0	0.0	10	10.0	0.0	10.0	10.0	-0.0038900849415050517	-2.33456935957591	0.09046154464428813	4.573999988565	3.938999960610001
1188	19464192	10	8.0	4.0	10.0	0.0	10	10.0	0.0	10.0	10.0	-0.006164507951896027	-2.3470581171451936	0.08486861237992929	4.548999988627499	5.440999945590001
1192	19529728	10	7.0	4.58257569495584	10.0	0.0	10	10.0	0.0	10.0	10.0	-0.006101294828690276	-2.341615887735748	0.07772180889311583	4.692249988269375	5.232999947670001
1196	19595264	10	6.0	4.898979485566356	10.0	0.0	10	7.0	4.58257569495584	10.0	0.0	-0.005542552158687489	-2.373666209231916	0.0873166774114598	4.584749988538125	11.6799998832
1200	19660800	10	5.0	5.0	10.0	0.0	10	7.0	4.58257569495584	10.0	0.0	-0.00702297277578416	-2.310999055462752	0.1371772732675606	5.014749987463125	6.561999934380001
1204	19726336	10	6.0	4.898979485566356	10.0	0.0	10	10.0	0.0	10.0	10.0	-0.0068465278447691616	-2.285516145090606	0.08511927307783275	5.051749987370625	6.2299999377000015
1208	19791872	10	6.0	4.898979485566356	10.0	0.0	10	8.0	4.0	10.0	0.0	-0.006571994957916067	-2.28060840294844	0.15849389491193563	5.421999986445	6.355999936440001
1212	19857408	10	5.0	5.0	10.0	0.0	10	8.0	4.0	10.0	0.0	-0.006293115793547167	-2.3330373687102033	0.06894274862385871	4.727249988181875	8.110999918890002
1216	19922944	10	5.0	5.0	10.0	0.0	10	9.0	3.0	10.0	0.0	-0.006478241983669581	-2.2855120100183752	0.10351197697929017	4.447749988880625	5.494999945050001
1220	19988480	10	4.0	4.898979485566356	10.0	0.0	10	7.0	4.58257569495584	10.0	0.0	-0.0060536733987100804	-2.2994852212656354	0.09973140533285081	4.655749988360625	12.903999870960002
1224	20054016	10	4.0	4.898979485566356	10.0	0.0	10	10.0	0.0	10.0	10.0	-0.006906404532742871	-2.3498909297124504	0.10196844817163579	4.40049998899875	6.929999930700001
1228	20119552	10	7.0	4.58257569495584	10.0	0.0	10	6.0	4.898979485566356	10.0	0.0	-0.005513246924876409	-2.269970891139881	0.13700434503969083	4.595749988510625	5.82099994179
1232	20185088	10	3.0	4.58257569495584	10.0	0.0	10	9.0	3.0	10.0	0.0	-0.007192292063194068	-2.3568802051274607	0.05436503005734276	4.74049998814875	12.485999875140003
1236	20250624	10	5.0	5.0	10.0	0.0	10	8.0	4.0	10.0	0.0	-0.006261103818617721	-2.334925606603588	0.08169239632477629	4.71349998821625	0.58199999418
1240	20316160	10	7.0	4.58257569495584	10.0	0.0	10	7.0	4.58257569495584	10.0	0.0	-0.006269447263501762	-2.255509838226927	0.08810403394992065	4.617999988455001	7.376999926230001
1244	20381696	10	6.0	4.898979485566356	10.0	0.0	10	8.0	4.0	10.0	0.0	-0.005217929235552562	-2.3419315166815426	0.11929092900361014	4.4989999887525	12.787999872120002
1248	20447232	10	6.0	4.898979485566356	10.0	0.0	10	7.0	4.58257569495584	10.0	0.0	-0.006664360732038447	-2.3482900011080146	0.13746039082882178	4.192249989519375	10.39899989601
1252	20512768	10	7.0	4.58257569495584	10.0	0.0	10	8.0	4.0	10.0	0.0	-0.006149874133639641	-2.2997080035595676	0.11834664059501433	4.575249988561875	6.966999930330001
1256	20578304	10	6.0	4.898979485566356	10.0	0.0	10	8.0	4.0	10.0	0.0	-0.0062220154474022914	-2.364736762893239	0.10663172749002163	4.40249998899375	12.616999873830004
1260	20643840	10	7.0	4.58257569495584	10.0	0.0	10	8.0	4.0	10.0	0.0	-0.0060059000624994915	-2.3135526376539532	0.0800994293836017	4.7277499881806255	11.802999881970003
1264	20709376	10	7.0	4.58257569495584	10.0	0.0	10	10.0	0.0	10.0	10.0	-0.005551579322883145	-2.3613889239752197	0.08670733499524054	4.499749988750626	6.499999935000001
1268	20774912	10	6.0	4.898979485566356	10.0	0.0	10	6.0	4.898979485566356	10.0	0.0	-0.005319847071154107	-2.354099839680547	0.12010780530506698	4.55949998860125	5.840999941590001
1272	20840448	10	8.0	4.0	10.0	0.0	10	9.0	3.0	10.0	0.0	-0.006483944757981024	-2.391770566254064	0.11425677534399609	4.5767499885581255	6.407999935920001
1276	20905984	10	5.0	5.0	10.0	0.0	10	8.0	4.0	10.0	0.0	-0.005247080465232137	-2.356429944190294	0.11082358821110916	4.667249988331875	10.965999890340001
1280	20971520	10	6.0	4.898979485566356	10.0	0.0	10	7.0	4.58257569495584	10.0	0.0	-0.005569432529254105	-2.309934707738743	0.10339926773924533	4.59549998851125	12.096999879030001
1284	21037056	10	7.0	4.58257569495584	10.0	0.0	10	8.0	4.0	10.0	0.0	-0.006007897322565653	-2.405516768244667	0.1323087603336835	4.23249998941875	3.5389999646100008
1288	21102592	10	6.0	4.898979485566356	10.0	0.0	10	9.0	3.0	10.0	0.0	-0.005811049728437058	-2.3655725292880847	0.11881813326156115	4.712999988217499	6.430999935690001
1292	21168128	10	7.0	4.58257569495584	10.0	0.0	10	9.0	3.0	10.0	0.0	-0.005398271078515841	-2.3296071412719517	0.12648144079762194	4.975749987560625	2.7809999721900005
1296	21233664	10	8.0	4.0	10.0	0.0	10	9.0	3.0	10.0	0.0	-0.005039326568375599	-2.304176769910643	0.10220127384821168	4.59449998851375	7.508999924910001
1300	21299200	10	6.0	4.898979485566356	10.0	0.0	10	9.0	3.0	10.0	0.0	-0.0065240121784149365	-2.407810282953106	0.05793240358255527	4.48749998878125	2.2689999773100005
1304	21364736	10	5.0	5.0	10.0	0.0	10	8.0	4.0	10.0	0.0	-0.005957398509645843	-2.2678632187467787	0.09849799598006828	4.355499989111249	11.291999887080001
1308	21430272	10	5.0	5.0	10.0	0.0	10	9.0	3.0	10.0	0.0	-0.0052454043998895	-2.305451191721614	0.09646631785982948	4.4809999887975	5.075999949240001
1312	21495808	10	7.0	4.58257569495584	10.0	0.0	10	8.0	4.0	10.0	0.0	-0.0059457921494434655	-2.2908108033337107	0.0656906299486548	4.580499988548751	12.296999877030002
1316	21561344	10	3.0	4.58257569495584	10.0	0.0	10	8.0	4.0	10.0	0.0	-0.005539335586368511	-2.3268893035809275	0.054557285673355556	4.5809999885475	10.73499989265
1320	21626880	10	4.0	4.898979485566356	10.0	0.0	10	8.0	4.0	10.0	0.0	-0.007129052075940149	-2.2980466904829266	0.0931554351118369	4.92799998768	12.113999878860003
1324	21692416	10	7.0	4.58257569495584	10.0	0.0	10	8.0	4.0	10.0	0.0	-0.00648849837118498	-2.2717432377356195	0.09592435315881952	4.7529999881175	8.996999910030002
1328	21757952	10	5.0	5.0	10.0	0.0	10	10.0	0.0	10.0	10.0	-0.005616318940783532	-2.259750676416405	0.11546535522948834	4.587999988529999	7.357999926420001
1332	21823488	10	10.0	0.0	10.0	10.0	10	9.0	3.0	10.0	0.0	-0.006812276034197359	-2.2836628206178946	0.07136937248514419	4.457999988855001	6.771999932280002
1336	21889024	10	5.0	5.0	10.0	0.0	10	10.0	0.0	10.0	10.0	-0.006235867750200781	-2.3215911659166846	0.03182082861078211	4.5832499885418745	6.839999931600001
1340	21954560	10	4.0	4.898979485566356	10.0	0.0	10	10.0	0.0	10.0	10.0	-0.0060978416895234346	-2.2716586786129067	0.0628316842613795	4.6809999882975	6.605999933940001
1344	22020096	10	4.0	4.898979485566356	10.0	0.0	10	9.0	3.0	10.0	0.0	-0.006029641164158793	-2.266697190465847	0.0750139527293945	4.597999988505	4.963999950360002
1348	22085632	10	6.0	4.898979485566356	10.0	0.0	10	9.0	3.0	10.0	0.0	-0.0055347923329155365	-2.3149295695198195	0.07449711125033687	4.701999988245	6.532999934670001
1352	22151168	10	6.0	4.898979485566356	10.0	0.0	10	9.0	3.0	10.0	0.0	-0.0057108293082631075	-2.302782997249102	0.08639755390150154	4.657749988355625	6.564999934350001
1356	22216704	10	5.0	5.0	10.0	0.0	10	8.0	4.0	10.0	0.0	-0.004662596176300195	-2.376778207471745	0.06492627910050078	4.381749989045625	6.003999939960001
1360	22282240	10	9.0	3.0	10.0	0.0	10	8.0	4.0	10.0	0.0	-0.005845325057329186	-2.343248752012146	0.1359526074427434	4.58799998853	2.0389999796100007
1364	22347776	10	6.0	4.898979485566356	10.0	0.0	10	8.0	4.0	10.0	0.0	-0.005443441871384386	-2.2974281780512102	0.12176621638056574	4.5527499886181255	13.425999865740001
1368	22413312	10	7.0	4.58257569495584	10.0	0.0	10	7.0	4.58257569495584	10.0	0.0	-0.005323808288015775	-2.307235928632884	0.10868450454856315	4.59049998852375	5.737999942620001
1372	22478848	10	7.0	4.58257569495584	10.0	0.0	10	7.0	4.58257569495584	10.0	0.0	-0.006620941357967562	-2.3243195163769297	0.08724884389146048	4.564749988588125	7.380999926190001
1376	22544384	10	6.0	4.898979485566356	10.0	0.0	10	10.0	0.0	10.0	10.0	-0.006093970072441797	-2.243702858452728	0.1398285401373733	4.673999988315001	6.945999930540001
1380	22609920	10	5.0	5.0	10.0	0.0	10	9.0	3.0	10.0	0.0	-0.006495445262701402	-2.26376497721933	0.10973441836367648	4.84349998789125	11.354999886450003
1384	22675456	10	6.0	4.898979485566356	10.0	0.0	10	7.0	4.58257569495584	10.0	0.0	-0.005078396659960185	-2.307776746410143	0.0672193541470744	5.205249986986875	7.62899992371
1388	22740992	10	5.0	5.0	10.0	0.0	10	8.0	4.0	10.0	0.0	-0.005169115175468779	-2.2871264763277543	0.11626708223049442	5.448999986377499	11.5399998846
1392	22806528	10	8.0	4.0	10.0	0.0	10	8.0	4.0	10.0	0.0	-0.004851366547983187	-2.284939472635991	0.09478240932592386	4.673749988315625	7.212999927870001
1396	22872064	10	8.0	4.0	10.0	0.0	10	8.0	4.0	10.0	0.0	-0.005542067485322986	-2.318640147404743	0.07521228281928938	4.574749988563125	0.6389999936100001
1400	22937600	10	6.0	4.898979485566356	10.0	0.0	10	9.0	3.0	10.0	0.0	-0.006576753082523963	-2.389728928356785	0.12044402008863342	4.4572499888568755	9.814999901850001
1404	23003136	10	4.0	4.898979485566356	10.0	0.0	10	8.0	4.0	10.0	0.0	-0.004848730485517077	-2.3761595360943093	0.10390030819092623	31.7599999206	8.758999912410001
1408	23068672	10	8.0	4.0	10.0	0.0	10	9.0	3.0	10.0	0.0	-0.006801962976673428	-2.315487416840795	0.12477314190531864	5.5449999861375	3.7849999621500006
1412	23134208	10	5.0	5.0	10.0	0.0	10	8.0	4.0	10.0	0.0	-0.005790273820824488	-2.3538476747802703	0.06336683094384696	5.386249986534375	3.998999960010001
1416	23199744	10	4.0	4.898979485566356	10.0	0.0	10	10.0	0.0	10.0	10.0	-0.004976298575848024	-2.3634823285064805	0.06950212894059685	5.333749986665626	4.130999958690001
1420	23265280	10	6.0	4.898979485566356	10.0	0.0	10	9.0	3.0	10.0	0.0	-0.005743464986767794	-2.350074174258686	0.07323895557020638	5.986749985033125	3.861999961380001
1424	23330816	10	6.0	4.898979485566356	10.0	0.0	10	8.0	4.0	10.0	0.0	-0.004862588465987824	-2.3090174543439166	0.06488015897342464	5.65999998585	7.453999925460001
1428	23396352	10	5.0	5.0	10.0	0.0	10	8.0	4.0	10.0	0.0	-0.005162781866670557	-2.2215742392013977	0.10285276904950176	7.651749980870626	5.617999943820001
1432	23461888	10	6.0	4.898979485566356	10.0	0.0	10	9.0	3.0	10.0	0.0	-0.005319853087158393	-2.27108165101395	0.11261026812320396	4.641999988395001	8.08099991919
1436	23527424	10	6.0	4.898979485566356	10.0	0.0	10	10.0	0.0	10.0	10.0	-0.006147252817114294	-2.3499195498760472	0.06565182439027381	4.343249989141875	9.084999909150003
1440	23592960	10	6.0	4.898979485566356	10.0	0.0	10	8.0	4.0	10.0	0.0	-0.005573727228719048	-2.3725429522506603	0.062455481925565874	4.590749988523125	12.635999873640001
1444	23658496	10	5.0	5.0	10.0	0.0	10	9.0	3.0	10.0	0.0	-0.005746943213436487	-2.2745748284076583	0.1239100137091933	4.529749988675625	12.754999872450004
1448	23724032	10	6.0	4.898979485566356	10.0	0.0	10	9.0	3.0	10.0	0.0	-0.005178632961124287	-2.325458208477654	0.1217545980150333	4.3062499892343755	7.246999927530001
1452	23789568	10	7.0	4.58257569495584	10.0	0.0	10	8.0	4.0	10.0	0.0	-0.006559583231666736	-2.3151101343405673	0.11497489313251054	4.60249998849375	6.574999934250001
1456	23855104	10	6.0	4.898979485566356	10.0	0.0	10	7.0	4.58257569495584	10.0	0.0	-0.006393682916739377	-2.3792851862813174	0.09154086423239483	4.531499988671251	7.328999926710001
1460	23920640	10	6.0	4.898979485566356	10.0	0.0	10	10.0	0.0	10.0	10.0	-0.006236717682700776	-2.346325712654958	0.09781715703574878	4.636749988408124	6.613999933860001
1464	23986176	10	3.0	4.58257569495584	10.0	0.0	10	7.0	4.58257569495584	10.0	0.0	-0.005825740541694749	-2.362905849766961	0.14200746596398148	4.506499988733751	12.883999871160002
1468	24051712	10	5.0	5.0	10.0	0.0	10	8.0	4.0	10.0	0.0	-0.004761537686852518	-2.370661568891424	0.1112711035996252	4.489499988776251	4.8459999515400005
1472	24117248	10	4.0	4.898979485566356	10.0	0.0	10	8.0	4.0	10.0	0.0	-0.005469562716862332	-2.358080774300036	0.07632266073468773	4.56249998859375	6.411999935880001
1476	24182784	10	9.0	3.0	10.0	0.0	10	9.0	3.0	10.0	0.0	-0.00552298560981772	-2.316743212200276	0.1367624697986711	4.525249988686876	12.321999876780001
1480	24248320	10	7.0	4.58257569495584	10.0	0.0	10	8.0	4.0	10.0	0.0	-0.005603571550356302	-2.337887535249049	0.09197870186968925	4.597749988505625	5.57599994424
1484	24313856	10	5.0	5.0	10.0	0.0	10	7.0	4.58257569495584	10.0	0.0	-0.005087270143804449	-2.375472088407391	0.12414143718262048	4.55849998860375	2.5779999742200004
1488	24379392	10	6.0	4.898979485566356	10.0	0.0	10	8.0	4.0	10.0	0.0	-0.005909073728607732	-2.3305782921668103	0.1165414986389674	4.669749988325625	11.826999881730002
1492	24444928	10	3.0	4.58257569495584	10.0	0.0	10	4.0	4.898979485566356	10.0	0.0	-0.006076014187756996	-2.3560966300496906	0.0997477203775291	4.457999988855001	12.673999873260001
1496	24510464	10	4.0	4.898979485566356	10.0	0.0	10	8.0	4.0	10.0	0.0	-0.006036975257886209	-2.286806617935708	0.08645231361221255	4.39149998902125	11.412999885870002
1500	24576000	10	4.0	4.898979485566356	10.0	0.0	10	5.0	5.0	10.0	0.0	-0.006561093955723246	-2.2907213094431165	0.08753573874671411	4.542249988644375	11.895999881040003
1504	24641536	10	4.0	4.898979485566356	10.0	0.0	10	8.0	4.0	10.0	0.0	-0.005323654292372886	-2.284418150544625	0.12294796693875935	4.49049998877375	4.737999952620001
1508	24707072	10	6.0	4.898979485566356	10.0	0.0	10	7.0	4.58257569495584	10.0	0.0	-0.0062182955485888085	-2.315317985670985	0.11308398861036179	4.5684999885787505	7.0459999295400015
1512	24772608	10	9.0	3.0	10.0	0.0	10	8.0	4.0	10.0	0.0	-0.005377619650411441	-2.337818965072296	0.0825990144620601	4.55949998860125	10.263999897360002
1516	24838144	10	4.0	4.898979485566356	10.0	0.0	10	6.0	4.898979485566356	10.0	0.0	-0.005822355208389566	-2.336861784016055	0.16395278676878242	4.545999988635001	7.526999924730001
1520	24903680	10	7.0	4.58257569495584	10.0	0.0	10	9.0	3.0	10.0	0.0	-0.005834008304493014	-2.289044864237285	0.14476039771345334	4.585249988536876	1.8509999814900002
1524	24969216	10	6.0	4.898979485566356	10.0	0.0	10	10.0	0.0	10.0	10.0	-0.006342107789599706	-2.3218219575847576	0.136876801131005	4.591749988520625	5.80199994198
