iter	frame	n_test	mean_returns	std_returns	max_returns	min_returns	n_test_train	mean_returns_train	std_returns_train	max_returns_train	min_returns_train	actor_loss	entropy_loss	value_loss	training_time	evaluation_time
0	0	10	3.0	4.58257569495584	10.0	0.0	10	4.0	4.898979485566356	10.0	0.0	0	0	0	0.0	9.941999900580003
4	65536	10	3.0	4.58257569495584	10.0	0.0	10	4.0	4.898979485566356	10.0	0.0	0.008981296641321038	-2.4982218044380766	1.41396101859881	10.86649997283375	7.734999922650002
8	131072	10	3.0	4.58257569495584	10.0	0.0	10	4.0	4.898979485566356	10.0	0.0	-0.0027835527698830682	-2.3394371268696506	2.259225956860287	9.191999977019998	0.8449999915500002
12	196608	10	5.0	5.0	10.0	0.0	10	3.0	4.58257569495584	10.0	0.0	-0.0031728527413208865	-2.1686000300175006	2.4870802459510273	9.16349997709125	1.3579999864200003
16	262144	10	5.0	5.0	10.0	0.0	10	5.0	5.0	10.0	0.0	-0.003839524937781713	-2.1780691591616597	1.9789076420590246	9.147749977130626	1.4209999857900002
20	327680	10	6.0	4.898979485566356	10.0	0.0	10	2.0	4.0	10.0	0.0	-0.0030140473315030188	-2.1048827169133095	1.8174153701061309	8.54349997864125	1.3649999863500002
24	393216	10	2.0	4.0	10.0	0.0	10	4.0	4.898979485566356	10.0	0.0	-0.0020913101735403053	-2.1400362424806763	1.5918972987265163	8.6669999783325	1.3089999869100002
28	458752	10	2.0	4.0	10.0	0.0	10	4.0	4.898979485566356	10.0	0.0	-0.0034108383014815275	-2.159603851311951	1.595983367247034	8.58449997853875	1.1239999887600003
32	524288	10	3.0	4.58257569495584	10.0	0.0	10	4.0	4.898979485566356	10.0	0.0	-0.004093469901088457	-2.1280583612887627	1.400239969147418	8.532749978668125	0.9639999903600002
36	589824	10	3.0	4.58257569495584	10.0	0.0	10	5.0	5.0	10.0	0.0	-0.004311791872932638	-2.152399917219385	1.254180870819578	8.514749978713125	1.9389999806100005
40	655360	10	6.0	4.898979485566356	10.0	0.0	10	5.0	5.0	10.0	0.0	-0.00503872210243229	-2.1737908693870516	1.1245072762241828	8.660999978347501	1.3889999861100002
44	720896	10	5.0	5.0	10.0	0.0	10	4.0	4.898979485566356	10.0	0.0	-0.005489263753319968	-2.185091239483035	1.1627819810093178	8.513999978714999	2.35199997648
48	786432	10	6.0	4.898979485566356	10.0	0.0	10	1.0	3.0	10.0	0.0	-0.005786068484670953	-2.2019166472247362	1.028809971379361	8.557499978606252	2.2589999774100002
52	851968	10	3.0	4.58257569495584	10.0	0.0	10	4.0	4.898979485566356	10.0	0.0	-0.005391639776810263	-2.1853101996291215	0.9779674422218925	8.454249978864375	3.2119999678800006
56	917504	10	4.0	4.898979485566356	10.0	0.0	10	5.0	5.0	10.0	0.0	-0.006640546576126727	-2.250847605133038	0.801508593599951	8.544499978638749	1.65599998344
60	983040	10	3.0	4.58257569495584	10.0	0.0	10	5.0	5.0	10.0	0.0	-0.006100650680886802	-2.277728197238011	0.7409190894884954	8.473999978815	2.8399999716
64	1048576	10	4.0	4.898979485566356	10.0	0.0	10	1.0	3.0	10.0	0.0	-0.005759849838196087	-2.318645129359635	0.5886965027086641	8.464249978839375	2.6329999736700005
68	1114112	10	7.0	4.58257569495584	10.0	0.0	10	6.0	4.898979485566356	10.0	0.0	-0.006365174291147602	-2.3250005938174385	0.5986658358943714	8.429999978925	1.43199998568
72	1179648	10	5.0	5.0	10.0	0.0	10	2.0	4.0	10.0	0.0	-0.004761152580117316	-2.2655876351023077	0.7661854971643881	8.454749978863125	3.3589999664100003
76	1245184	10	3.0	4.58257569495584	10.0	0.0	10	3.0	4.58257569495584	10.0	0.0	-0.005968943128497232	-2.24610006537485	0.6944657482725183	8.5389999786525	7.241999927580001
80	1310720	10	4.0	4.898979485566356	10.0	0.0	10	5.0	5.0	10.0	0.0	-0.004578762786703843	-2.1621852440369906	0.7510879951678143	8.573999978565	2.86399997136
84	1376256	10	2.0	4.0	10.0	0.0	10	3.0	4.58257569495584	10.0	0.0	-0.005886513249296637	-2.1356729390979394	0.7241169182450282	8.5609999785975	2.8659999713400004
88	1441792	10	3.0	4.58257569495584	10.0	0.0	10	6.0	4.898979485566356	10.0	0.0	-0.005896910844959419	-2.1258082412452426	0.7793394276681347	8.56049997859875	2.3779999762200004
92	1507328	10	4.0	4.898979485566356	10.0	0.0	10	6.0	4.898979485566356	10.0	0.0	-0.0065323405911705485	-2.135533250645869	0.660583247051371	8.501249978746875	2.37599997624
96	1572864	10	6.0	4.898979485566356	10.0	0.0	10	7.0	4.58257569495584	10.0	0.0	-0.006180377509092201	-2.1250559238366002	0.584337015264956	8.52149997869625	2.2709999772900002
100	1638400	10	5.0	5.0	10.0	0.0	10	4.0	4.898979485566356	10.0	0.0	-0.006428147131916468	-2.165087170673384	0.5732254236339459	8.519499978701251	4.90099995099
104	1703936	10	3.0	4.58257569495584	10.0	0.0	10	4.0	4.898979485566356	10.0	0.0	-0.0070027259345788115	-2.147925458624734	0.6016879733025118	8.481249978796875	2.8199999718
108	1769472	10	4.0	4.898979485566356	10.0	0.0	10	6.0	4.898979485566356	10.0	0.0	-0.006768757474272288	-2.1301659020549413	0.6082316124178193	8.636749978408124	1.6289999837100002
112	1835008	10	5.0	5.0	10.0	0.0	10	3.0	4.58257569495584	10.0	0.0	-0.006824639797334103	-2.088644258460392	0.6793458448636188	8.574749978563124	1.5509999844900002
116	1900544	10	6.0	4.898979485566356	10.0	0.0	10	6.0	4.898979485566356	10.0	0.0	-0.007219613172467798	-2.207203740645009	0.5296494867100936	8.55949997860125	4.100999958990001
120	1966080	10	3.0	4.58257569495584	10.0	0.0	10	7.0	4.58257569495584	10.0	0.0	-0.00796135527745855	-2.1917008035085432	0.5633656847635178	8.498249978754373	3.842999961570001
124	2031616	10	6.0	4.898979485566356	10.0	0.0	10	5.0	5.0	10.0	0.0	-0.00784572268739922	-2.1582424166537244	0.5882519032814277	8.449249978876876	2.5759999742400006
128	2097152	10	7.0	4.58257569495584	10.0	0.0	10	4.0	4.898979485566356	10.0	0.0	-0.006456604537191962	-2.0991412945388643	0.6275468921256034	8.622249978444374	1.5919999840800003
132	2162688	10	4.0	4.898979485566356	10.0	0.0	10	7.0	4.58257569495584	10.0	0.0	-0.007585981966680712	-2.1280774124233472	0.6004380828385943	8.51349997871625	3.0409999695900005
136	2228224	10	5.0	5.0	10.0	0.0	10	6.0	4.898979485566356	10.0	0.0	-0.007043399442281923	-2.115072731950103	0.5776431103566584	8.399749979000626	1.2989999870100002
140	2293760	10	5.0	5.0	10.0	0.0	10	5.0	5.0	10.0	0.0	-0.00668732681688266	-2.1365277193744667	0.5995055951795352	8.492999978767498	2.4909999750900007
144	2359296	10	6.0	4.898979485566356	10.0	0.0	10	5.0	5.0	10.0	0.0	-0.00587263785988464	-2.131879965242203	0.6105829014117278	8.490499978773752	1.9719999802800003
148	2424832	10	7.0	4.58257569495584	10.0	0.0	10	7.0	4.58257569495584	10.0	0.0	-0.008098517165374193	-2.1524368249121313	0.5384072608064054	8.529749978675625	1.5339999846600003
152	2490368	10	5.0	5.0	10.0	0.0	10	6.0	4.898979485566356	10.0	0.0	-0.007196054926537258	-2.0835053099011662	0.5533824003656443	8.511749978720625	2.9139999708600004
156	2555904	10	3.0	4.58257569495584	10.0	0.0	10	1.0	3.0	10.0	0.0	-0.006647165604504471	-2.144328154400141	0.5248707560275627	8.610999978472499	2.7819999721800004
160	2621440	10	4.0	4.898979485566356	10.0	0.0	10	6.0	4.898979485566356	10.0	0.0	-0.008170409078712408	-2.156621773813031	0.5045227848709593	8.54549997863625	12.504999874950002
164	2686976	10	5.0	5.0	10.0	0.0	10	5.0	5.0	10.0	0.0	-0.008541233247362244	-2.206583752998335	0.4660069584981954	8.51199997872	4.824999951750001
168	2752512	10	7.0	4.58257569495584	10.0	0.0	10	5.0	5.0	10.0	0.0	-0.0065601137556908	-2.1868855777091665	0.5011118944833225	8.565499978586251	2.3589999764100003
172	2818048	10	7.0	4.58257569495584	10.0	0.0	10	3.0	4.58257569495584	10.0	0.0	-0.007115008476089406	-2.1991195154879546	0.4712823442623838	8.58249997854375	2.0279999797200006
176	2883584	10	7.0	4.58257569495584	10.0	0.0	10	3.0	4.58257569495584	10.0	0.0	-0.0069989197235054805	-2.184926512113108	0.5138559418505612	8.557249978606874	8.146999918530001
180	2949120	10	5.0	5.0	10.0	0.0	10	5.0	5.0	10.0	0.0	-0.007037469796336136	-2.2345576060470833	0.4571968446940774	8.631249978421875	8.55499991445
184	3014656	10	5.0	5.0	10.0	0.0	10	5.0	5.0	10.0	0.0	-0.00814054614032494	-2.211215940384206	0.39344535360360566	8.597999978505	5.160999948390001
188	3080192	10	7.0	4.58257569495584	10.0	0.0	10	5.0	5.0	10.0	0.0	-0.007442740562644361	-2.183772814543063	0.46622109392768457	8.58649997853375	2.5879999741200006
192	3145728	10	3.0	4.58257569495584	10.0	0.0	10	4.0	4.898979485566356	10.0	0.0	-0.008124915797212542	-2.142749763802008	0.508835584803566	8.639249978401876	1.8029999819700002
196	3211264	10	3.0	4.58257569495584	10.0	0.0	10	4.0	4.898979485566356	10.0	0.0	-0.00878114965992391	-2.1368208699186027	0.48822945382327376	8.75949997810125	4.384999956150001
200	3276800	10	6.0	4.898979485566356	10.0	0.0	10	4.0	4.898979485566356	10.0	0.0	-0.007297908947139893	-2.0605592849691057	0.571780219304109	8.80649997798375	7.594999924050001
204	3342336	10	7.0	4.58257569495584	10.0	0.0	10	5.0	5.0	10.0	0.0	-0.007319513979226344	-2.138469040171072	0.4705096755928431	8.66049997834875	4.123999958760001
208	3407872	10	6.0	4.898979485566356	10.0	0.0	10	6.0	4.898979485566356	10.0	0.0	-0.008467992119249302	-2.1592524695134023	0.4193507379725852	8.549249978626875	2.9179999708200004
212	3473408	10	5.0	5.0	10.0	0.0	10	6.0	4.898979485566356	10.0	0.0	-0.006558866346115	-2.2821166488137865	0.34759936990320833	8.533999978665	5.66399994336
216	3538944	10	4.0	4.898979485566356	10.0	0.0	10	6.0	4.898979485566356	10.0	0.0	-0.0080229379616392	-2.254787357910045	0.36787533569974246	8.527749978680625	2.9239999707600006
220	3604480	10	4.0	4.898979485566356	10.0	0.0	10	9.0	3.0	10.0	0.0	-0.00714999001670345	-2.2328827701666603	0.3927920541006453	8.581249978546875	7.560999924390001
224	3670016	10	3.0	4.58257569495584	10.0	0.0	10	8.0	4.0	10.0	0.0	-0.007019450026318171	-2.272060088576632	0.40005228198622805	8.600249978499374	3.2209999677900005
228	3735552	10	6.0	4.898979485566356	10.0	0.0	10	6.0	4.898979485566356	10.0	0.0	-0.00927556818011997	-2.291828331609253	0.37386437827552105	8.563749978590625	7.820999921790001
232	3801088	10	3.0	4.58257569495584	10.0	0.0	10	4.0	4.898979485566356	10.0	0.0	-0.008525527236715985	-2.316649893678309	0.35070096775340664	8.516249978709375	3.5519999644800007
236	3866624	10	5.0	5.0	10.0	0.0	10	7.0	4.58257569495584	10.0	0.0	-0.007646432579765649	-2.2409629074384947	0.3880949611371311	8.593999978515	6.261999937380001
240	3932160	10	6.0	4.898979485566356	10.0	0.0	10	7.0	4.58257569495584	10.0	0.0	-0.008241171780406256	-2.1915333144567417	0.4863672463958469	8.6189999784525	1.8959999810400001
244	3997696	10	2.0	4.0	10.0	0.0	10	8.0	4.0	10.0	0.0	-0.00787532288246865	-2.1908905975721957	0.43949869705132166	8.523499978691252	9.454999905450002
248	4063232	10	5.0	5.0	10.0	0.0	10	9.0	3.0	10.0	0.0	-0.009261776658246065	-2.253920805716176	0.3331389717100241	8.528749978678126	5.131999948680001
252	4128768	10	3.0	4.58257569495584	10.0	0.0	10	6.0	4.898979485566356	10.0	0.0	-0.0072539591727362246	-2.254975117508122	0.36350132816099534	8.632249978419376	8.90199991098
256	4194304	10	4.0	4.898979485566356	10.0	0.0	10	8.0	4.0	10.0	0.0	-0.00861805747294628	-2.3884968332941807	0.28940689032987105	8.6189999784525	3.6589999634100003
260	4259840	10	3.0	4.58257569495584	10.0	0.0	10	5.0	5.0	10.0	0.0	-0.007972897631061803	-2.368058907242309	0.27448078335197623	8.560749978598125	8.563999914360002
264	4325376	10	4.0	4.898979485566356	10.0	0.0	10	6.0	4.898979485566356	10.0	0.0	-0.009309262112705061	-2.4158556210465023	0.2285152564828976	8.567249978581877	8.166999918330001
268	4390912	10	1.0	3.0	10.0	0.0	10	4.0	4.898979485566356	10.0	0.0	-0.008156377190728105	-2.3985204048439828	0.25224358399565056	8.5949999785125	8.427999915720003
272	4456448	10	6.0	4.898979485566356	10.0	0.0	10	9.0	3.0	10.0	0.0	-0.007552458464914099	-2.4572943918330807	0.20922053634182772	8.616499978458751	7.828999921710001
276	4521984	10	3.0	4.58257569495584	10.0	0.0	10	6.0	4.898979485566356	10.0	0.0	-0.008160113276121957	-2.4044987904507615	0.26947223795875286	8.48849997877875	5.758999942410001
280	4587520	10	7.0	4.58257569495584	10.0	0.0	10	4.0	4.898979485566356	10.0	0.0	-0.008738858056857786	-2.4010836827240665	0.2812738440016968	8.456249978859374	7.991999920080001
284	4653056	10	6.0	4.898979485566356	10.0	0.0	10	6.0	4.898979485566356	10.0	0.0	-0.007415940191231706	-2.3411230541810544	0.3923215772547941	8.56949997857625	10.332999896670001
288	4718592	10	2.0	4.0	10.0	0.0	10	3.0	4.58257569495584	10.0	0.0	-0.00801801518696115	-2.3521851745777878	0.29388555896822	8.594749978513127	8.839999911600001
292	4784128	10	6.0	4.898979485566356	10.0	0.0	10	9.0	3.0	10.0	0.0	-0.008976513548051932	-2.356823084009557	0.2698405712251416	8.58049997854875	7.468999925310001
296	4849664	10	5.0	5.0	10.0	0.0	10	4.0	4.898979485566356	10.0	0.0	-0.008732801050124615	-2.3694613200938144	0.2273260972536237	8.584999978537502	4.291999957080001
300	4915200	10	7.0	4.58257569495584	10.0	0.0	10	5.0	5.0	10.0	0.0	-0.008323371096636677	-2.3586024962392274	0.3110171641520038	8.613499978466251	7.107999928920001
304	4980736	10	7.0	4.58257569495584	10.0	0.0	10	5.0	5.0	10.0	0.0	-0.007731517737236411	-2.408319875347087	0.2706792177350493	8.733499978166252	5.8099999419
308	5046272	10	7.0	4.58257569495584	10.0	0.0	10	4.0	4.898979485566356	10.0	0.0	-0.00833517517613656	-2.3473299788970396	0.24587399587578398	8.562999978592499	7.440999925590001
312	5111808	10	4.0	4.898979485566356	10.0	0.0	10	8.0	4.0	10.0	0.0	-0.008500302345382599	-2.3662898960231504	0.28610463546092285	8.543249978641875	6.9259999307400015
316	5177344	10	1.0	3.0	10.0	0.0	10	9.0	3.0	10.0	0.0	-0.00688330167444744	-2.3133671579335386	0.3542225650763582	8.567249978581875	3.6569999634300006
320	5242880	10	7.0	4.58257569495584	10.0	0.0	10	5.0	5.0	10.0	0.0	-0.009679647430758782	-2.320700064059751	0.34157071259040006	8.64249997839375	5.311999946880001
324	5308416	10	5.0	5.0	10.0	0.0	10	6.0	4.898979485566356	10.0	0.0	-0.009589109251072297	-2.346052951866387	0.288641203940892	8.671249978321876	3.0399999696000006
328	5373952	10	6.0	4.898979485566356	10.0	0.0	10	3.0	4.58257569495584	10.0	0.0	-0.00855061341676811	-2.3289640071548923	0.2818188449695201	8.60749997848125	4.59199995408
332	5439488	10	4.0	4.898979485566356	10.0	0.0	10	5.0	5.0	10.0	0.0	-0.007072031948328024	-2.310207418856777	0.26499849384373714	8.54399997864	5.994999940050001
336	5505024	10	4.0	4.898979485566356	10.0	0.0	10	4.0	4.898979485566356	10.0	0.0	-0.006967100069112991	-2.3748393702020048	0.17169237445493216	8.614749978463125	12.923999870760001
340	5570560	10	3.0	4.58257569495584	10.0	0.0	10	7.0	4.58257569495584	10.0	0.0	-0.0073382562445593645	-2.2863932994606633	0.2853349391073788	8.572249978569376	10.556999894430001
344	5636096	10	5.0	5.0	10.0	0.0	10	3.0	4.58257569495584	10.0	0.0	-0.008017904450524253	-2.3020388431932663	0.25098755751295093	8.619249978451874	7.274999927250001
348	5701632	10	5.0	5.0	10.0	0.0	10	3.0	4.58257569495584	10.0	0.0	-0.009139871820437464	-2.33642704263827	0.25823178589758516	8.556999978607498	9.113999908860002
352	5767168	10	5.0	5.0	10.0	0.0	10	6.0	4.898979485566356	10.0	0.0	-0.00850663261040522	-2.337898179645194	0.3047618084890578	8.570249978574376	2.3749999762500003
356	5832704	10	5.0	5.0	10.0	0.0	10	8.0	4.0	10.0	0.0	-0.008585768615087834	-2.2872695473434153	0.30249552068564395	8.58149997854625	2.4909999750900007
360	5898240	10	6.0	4.898979485566356	10.0	0.0	10	6.0	4.898979485566356	10.0	0.0	-0.007849724579289266	-2.3367156036247585	0.2899113699181384	8.624249978439375	3.1869999681300003
364	5963776	10	5.0	5.0	10.0	0.0	10	9.0	3.0	10.0	0.0	-0.00747199851485755	-2.2935246599311694	0.26336351391289065	8.605999978485	1.7979999820200003
368	6029312	10	4.0	4.898979485566356	10.0	0.0	10	6.0	4.898979485566356	10.0	0.0	-0.007226456751449406	-2.282335166892091	0.2928871909472232	8.658249978354375	3.1749999682500003
372	6094848	10	7.0	4.58257569495584	10.0	0.0	10	7.0	4.58257569495584	10.0	0.0	-0.009000053390660349	-2.296587750076438	0.21149880615343425	8.5869999785325	3.9839999601600007
376	6160384	10	4.0	4.898979485566356	10.0	0.0	10	7.0	4.58257569495584	10.0	0.0	-0.006687448371455869	-2.3111207731144243	0.2666404974989997	8.518749978703124	10.194999898050002
380	6225920	10	6.0	4.898979485566356	10.0	0.0	10	5.0	5.0	10.0	0.0	-0.007534783075671253	-2.341893538588717	0.22888242047379406	8.468249978829377	10.883999891160002
384	6291456	10	7.0	4.58257569495584	10.0	0.0	10	7.0	4.58257569495584	10.0	0.0	-0.007879494041023956	-2.391620409736256	0.2217169009539001	8.635749978410624	7.129999928700001
388	6356992	10	4.0	4.898979485566356	10.0	0.0	10	3.0	4.58257569495584	10.0	0.0	-0.0074684512199485525	-2.4263337127820455	0.25733526094930015	8.5609999785975	8.748999912510001
392	6422528	10	3.0	4.58257569495584	10.0	0.0	10	7.0	4.58257569495584	10.0	0.0	-0.009299936811295557	-2.378214547783758	0.31512379161835397	8.687249978281875	12.400999875990001
396	6488064	10	7.0	4.58257569495584	10.0	0.0	10	8.0	4.0	10.0	0.0	-0.007678152764541605	-2.452787955346511	0.1884992896227632	8.560249978599375	8.443999915560003
400	6553600	10	7.0	4.58257569495584	10.0	0.0	10	7.0	4.58257569495584	10.0	0.0	-0.0066737042403192184	-2.36357426618751	0.2569026841203985	8.508249978729376	6.737999932620001
404	6619136	10	4.0	4.898979485566356	10.0	0.0	10	8.0	4.0	10.0	0.0	-0.009561253671780158	-2.3374273575891085	0.3302500197940774	8.529749978675623	5.449999945500001
408	6684672	10	5.0	5.0	10.0	0.0	10	7.0	4.58257569495584	10.0	0.0	-0.007360423948275934	-2.428038835272592	0.20999821273285157	8.574999978562499	6.867999931320002
412	6750208	10	9.0	3.0	10.0	0.0	10	5.0	5.0	10.0	0.0	-0.009069708080424992	-2.4132864423065863	0.19584703932338848	8.538249978654376	5.629999943700001
416	6815744	10	5.0	5.0	10.0	0.0	10	7.0	4.58257569495584	10.0	0.0	-0.009141195020025743	-2.393915640561759	0.19193723128350965	8.55449997861375	13.283999867160002
420	6881280	10	4.0	4.898979485566356	10.0	0.0	10	7.0	4.58257569495584	10.0	0.0	-0.008508546070842228	-2.4550382641380732	0.17302819781996973	8.5569999786075	8.57699991423
424	6946816	10	3.0	4.58257569495584	10.0	0.0	10	5.0	5.0	10.0	0.0	-0.008496788996453846	-2.387230378637394	0.2325139248811892	8.507749978730624	10.022999899770001
428	7012352	10	6.0	4.898979485566356	10.0	0.0	10	6.0	4.898979485566356	10.0	0.0	-0.007537774408595711	-2.3607986740792315	0.16508173870997123	8.4609999788475	11.1199998888
432	7077888	10	4.0	4.898979485566356	10.0	0.0	10	3.0	4.58257569495584	10.0	0.0	-0.008178933624606767	-2.413090298321812	0.12945902835160517	8.557249978606874	12.708999872910002
436	7143424	10	9.0	3.0	10.0	0.0	10	8.0	4.0	10.0	0.0	-0.007772775147813958	-2.399100017794406	0.21332052371105226	8.550249978624375	8.03299991967
440	7208960	10	6.0	4.898979485566356	10.0	0.0	10	6.0	4.898979485566356	10.0	0.0	-0.009167653695491638	-2.4050516806521136	0.19229487855467836	8.573499978566252	7.1339999286600015
444	7274496	10	5.0	5.0	10.0	0.0	10	5.0	5.0	10.0	0.0	-0.008186219666697445	-2.3415400880122896	0.21872145664772924	8.566749978583125	13.028999869710002
448	7340032	10	7.0	4.58257569495584	10.0	0.0	10	5.0	5.0	10.0	0.0	-0.007597554804121045	-2.3190718092092153	0.20816864614379596	8.580499978548751	5.094999949050001
452	7405568	10	6.0	4.898979485566356	10.0	0.0	10	7.0	4.58257569495584	10.0	0.0	-0.00929012823956871	-2.279222875596092	0.31529974049398146	8.560749978598125	7.5199999248000005
456	7471104	10	5.0	5.0	10.0	0.0	10	5.0	5.0	10.0	0.0	-0.008583416957678237	-2.2542809270457638	0.3060994820039999	8.465749978835625	6.253999937460001
460	7536640	10	5.0	5.0	10.0	0.0	10	5.0	5.0	10.0	0.0	-0.008324724650307461	-2.3108395733015645	0.25689332665683107	8.596749978508125	7.269999927300001
464	7602176	10	6.0	4.898979485566356	10.0	0.0	10	5.0	5.0	10.0	0.0	-0.008040940439131236	-2.2980955811927983	0.3035213968710834	8.57999997855	6.072999939270002
468	7667712	10	4.0	4.898979485566356	10.0	0.0	10	8.0	4.0	10.0	0.0	-0.007807812328888532	-2.312773455935208	0.1932401361984385	8.602249978494376	7.581999924180001
472	7733248	10	5.0	5.0	10.0	0.0	10	7.0	4.58257569495584	10.0	0.0	-0.00835844251715512	-2.359781528266826	0.18612638245881422	8.564249978589375	3.2229999677700003
476	7798784	10	3.0	4.58257569495584	10.0	0.0	10	3.0	4.58257569495584	10.0	0.0	-0.008077851333299038	-2.325711140787732	0.29726101625718665	8.597499978506251	12.856999871430002
480	7864320	10	6.0	4.898979485566356	10.0	0.0	10	6.0	4.898979485566356	10.0	0.0	-0.008706892776598982	-2.3407839385216938	0.2119726404947768	8.541249978646874	7.198999928010001
484	7929856	10	7.0	4.58257569495584	10.0	0.0	10	3.0	4.58257569495584	10.0	0.0	-0.007917562825023058	-2.330030244842846	0.24943547538056451	8.566749978583124	7.934999920650001
488	7995392	10	6.0	4.898979485566356	10.0	0.0	10	5.0	5.0	10.0	0.0	-0.008312689139573127	-2.3010564319876	0.2961899156684103	8.554749978613124	7.132999928670001
492	8060928	10	6.0	4.898979485566356	10.0	0.0	10	3.0	4.58257569495584	10.0	0.0	-0.00852530509687941	-2.2469267023249393	0.30447879368372066	8.437999978905001	6.72499993275
496	8126464	10	8.0	4.0	10.0	0.0	10	7.0	4.58257569495584	10.0	0.0	-0.007947207227598289	-2.2452063036606438	0.19446267666753042	8.4089999789775	8.137999918620002
500	8192000	10	7.0	4.58257569495584	10.0	0.0	10	7.0	4.58257569495584	10.0	0.0	-0.007536199753124972	-2.2643935752536466	0.2553967050941981	8.659499978351251	12.667999873320001
504	8257536	10	4.0	4.898979485566356	10.0	0.0	10	8.0	4.0	10.0	0.0	-0.007987059438545252	-2.3011414356616213	0.1813651039076174	8.629249978426875	12.753999872460001
508	8323072	10	5.0	5.0	10.0	0.0	10	4.0	4.898979485566356	10.0	0.0	-0.007139333416352184	-2.26799030081648	0.2620956810539139	8.560499978598749	12.499999875000002
512	8388608	10	7.0	4.58257569495584	10.0	0.0	10	6.0	4.898979485566356	10.0	0.0	-0.008605422266871512	-2.3769548979905823	0.18995659726555802	8.481749978795625	11.357999886420002
516	8454144	10	4.0	4.898979485566356	10.0	0.0	10	7.0	4.58257569495584	10.0	0.0	-0.009374881681281238	-2.3785695282127346	0.15610756118087066	8.5889999785275	9.900999900990001
520	8519680	10	4.0	4.898979485566356	10.0	0.0	10	3.0	4.58257569495584	10.0	0.0	-0.008739839770289415	-2.407340839254431	0.18545661546531164	8.431749978920626	13.328999866710003
524	8585216	10	3.0	4.58257569495584	10.0	0.0	10	2.0	4.0	10.0	0.0	-0.008432101644182314	-2.3615531745079883	0.19440438115186018	8.617749978455624	11.140999888590002
528	8650752	10	5.0	5.0	10.0	0.0	10	8.0	4.0	10.0	0.0	-0.008959404051263109	-2.321506264067265	0.20667935315850186	8.538749978653126	3.9719999602800007
532	8716288	10	6.0	4.898979485566356	10.0	0.0	10	4.0	4.898979485566356	10.0	0.0	-0.008156528584003486	-2.3098066794453054	0.18871842035610123	8.655249978361876	10.861999891380002
536	8781824	10	8.0	4.0	10.0	0.0	10	3.0	4.58257569495584	10.0	0.0	-0.009039278287944437	-2.3387243571428127	0.1880653067296047	8.5609999785975	12.55899987441
540	8847360	10	6.0	4.898979485566356	10.0	0.0	10	6.0	4.898979485566356	10.0	0.0	-0.0082864126953163	-2.3652523604551803	0.16207671947641175	8.481249978796875	7.624999923750001
544	8912896	10	4.0	4.898979485566356	10.0	0.0	10	5.0	5.0	10.0	0.0	-0.00733100555877205	-2.3692067064360485	0.1523723631628082	8.462749978843124	12.752999872470003
548	8978432	10	1.0	3.0	10.0	0.0	10	4.0	4.898979485566356	10.0	0.0	-0.007708207380756442	-2.373102026433907	0.13999835307182878	8.5909999785225	9.656999903430002
552	9043968	10	5.0	5.0	10.0	0.0	10	7.0	4.58257569495584	10.0	0.0	-0.008273911203152573	-2.379976654798231	0.1668491307472235	8.509249978726872	5.338999946610001
556	9109504	10	4.0	4.898979485566356	10.0	0.0	10	4.0	4.898979485566356	10.0	0.0	-0.008420822147887103	-2.3521374089055858	0.1840940898402992	8.5089999787275	12.57499987425
560	9175040	10	6.0	4.898979485566356	10.0	0.0	10	8.0	4.0	10.0	0.0	-0.009103031486081279	-2.292109680433725	0.25595640760974187	9.007749977480627	8.102999918970001
564	9240576	10	4.0	4.898979485566356	10.0	0.0	10	5.0	5.0	10.0	0.0	-0.0072236196785276305	-2.321295569098586	0.2096391590093749	14.1069999647325	8.587999914120001
568	9306112	10	2.0	4.0	10.0	0.0	10	5.0	5.0	10.0	0.0	-0.008168471454820166	-2.374919635306767	0.1770121170954793	8.58449997853875	9.23199990768
572	9371648	10	4.0	4.898979485566356	10.0	0.0	10	7.0	4.58257569495584	10.0	0.0	-0.008382540008557583	-2.409995433933828	0.1541356772489475	8.608499978478749	8.818999911810002
576	9437184	10	8.0	4.0	10.0	0.0	10	5.0	5.0	10.0	0.0	-0.007000638719423355	-2.360900627824109	0.18745279806886528	8.59049997852375	6.209999937900001
580	9502720	10	3.0	4.58257569495584	10.0	0.0	10	6.0	4.898979485566356	10.0	0.0	-0.008239770280600118	-2.38363248084988	0.1819331206502248	8.486249978784373	9.209999907900002
584	9568256	10	6.0	4.898979485566356	10.0	0.0	10	4.0	4.898979485566356	10.0	0.0	-0.0071451650854654075	-2.4267803527370426	0.1705546319927931	8.498749978753125	12.750999872490002
588	9633792	10	6.0	4.898979485566356	10.0	0.0	10	9.0	3.0	10.0	0.0	-0.007973850831228205	-2.4187443452540798	0.16089514656799922	8.458499978853752	4.718999952810001
592	9699328	10	5.0	5.0	10.0	0.0	10	7.0	4.58257569495584	10.0	0.0	-0.007870039884830437	-2.408125089851508	0.17560761458894728	8.575249978561876	13.422999865770002
596	9764864	10	6.0	4.898979485566356	10.0	0.0	10	8.0	4.0	10.0	0.0	-0.008066321734449482	-2.3151669922046234	0.21610584643280967	8.73049997817375	12.885999871140001
600	9830400	10	4.0	4.898979485566356	10.0	0.0	10	8.0	4.0	10.0	0.0	-0.007985866877563263	-2.345062290384474	0.2106262713761769	8.56849997857875	12.696999873030002
604	9895936	10	4.0	4.898979485566356	10.0	0.0	10	4.0	4.898979485566356	10.0	0.0	-0.007814621319180306	-2.4098237377875162	0.20608540761931773	8.526249978684376	8.630999913690001
608	9961472	10	6.0	4.898979485566356	10.0	0.0	10	6.0	4.898979485566356	10.0	0.0	-0.008999236977284419	-2.393741691856581	0.16360706624733362	8.601249978496876	12.327999876720002
612	10027008	10	6.0	4.898979485566356	10.0	0.0	10	8.0	4.0	10.0	0.0	-0.008787931965641137	-2.4227038544873007	0.20454783099124987	8.588249978529374	8.204999917950001
616	10092544	10	6.0	4.898979485566356	10.0	0.0	10	5.0	5.0	10.0	0.0	-0.008752328593798278	-2.3802306922777636	0.24669888675126606	8.5469999786325	11.883999881160003
620	10158080	10	4.0	4.898979485566356	10.0	0.0	10	8.0	4.0	10.0	0.0	-0.008190099968847153	-2.3513806285991667	0.2348838473891175	8.55249997861875	6.281999937180001
624	10223616	10	6.0	4.898979485566356	10.0	0.0	10	3.0	4.58257569495584	10.0	0.0	-0.009161427397840014	-2.3923006676128993	0.1945844865201377	8.532499978668751	12.615999873840002
628	10289152	10	6.0	4.898979485566356	10.0	0.0	10	6.0	4.898979485566356	10.0	0.0	-0.008451079036936253	-2.3674075625854325	0.18846848791364593	8.53599997866	5.806999941930001
632	10354688	10	3.0	4.58257569495584	10.0	0.0	10	6.0	4.898979485566356	10.0	0.0	-0.009210931383627257	-2.313231688993613	0.20368685307342993	8.570249978574376	6.71699993283
636	10420224	10	5.0	5.0	10.0	0.0	10	4.0	4.898979485566356	10.0	0.0	-0.00916186468774322	-2.347929291182559	0.17693622509347587	8.5229999786925	11.312999886870003
640	10485760	10	2.0	4.0	10.0	0.0	10	3.0	4.58257569495584	10.0	0.0	-0.00907567991358568	-2.3326246363474987	0.2070168161859539	8.522749978693126	13.027999869720002
644	10551296	10	0.0	0.0	0.0	0.0	10	7.0	4.58257569495584	10.0	0.0	-0.008312814288469398	-2.35020912165797	0.23695739169930735	8.514749978713125	8.54899991451
648	10616832	10	7.0	4.58257569495584	10.0	0.0	10	6.0	4.898979485566356	10.0	0.0	-0.0088892934111893	-2.343390233570613	0.21649098688964968	8.5729999785675	7.8189999218100015
652	10682368	10	7.0	4.58257569495584	10.0	0.0	10	8.0	4.0	10.0	0.0	-0.008270538069202988	-2.291106045007467	0.2575941080890489	8.60349997849125	6.7069999329300005
656	10747904	10	4.0	4.898979485566356	10.0	0.0	10	5.0	5.0	10.0	0.0	-0.008183660220065005	-2.3380643747794987	0.23369609360321877	8.565499978586251	7.348999926510001
660	10813440	10	5.0	5.0	10.0	0.0	10	6.0	4.898979485566356	10.0	0.0	-0.008549235397689852	-2.2963893088293132	0.34671059324830245	8.50399997874	12.666999873330003
664	10878976	10	6.0	4.898979485566356	10.0	0.0	10	6.0	4.898979485566356	10.0	0.0	-0.00882434808013931	-2.3284065472641076	0.2957359694102057	8.54149997864625	9.492999905070002
668	10944512	10	2.0	4.0	10.0	0.0	10	8.0	4.0	10.0	0.0	-0.00911746270044728	-2.354573679221774	0.29096233329498805	8.491249978771876	13.184999868150003
672	11010048	10	4.0	4.898979485566356	10.0	0.0	10	8.0	4.0	10.0	0.0	-0.009219785454003948	-2.463038836659721	0.13363968199279094	8.683749978290624	12.773999872260001
676	11075584	10	4.0	4.898979485566356	10.0	0.0	10	8.0	4.0	10.0	0.0	-0.008111278540191957	-2.4459566521083542	0.16973491306200822	8.68049997829875	10.395999896040003
680	11141120	10	6.0	4.898979485566356	10.0	0.0	10	4.0	4.898979485566356	10.0	0.0	-0.008989230149051862	-2.424552144851056	0.19579649706815108	8.595249978511875	10.319999896800002
684	11206656	10	5.0	5.0	10.0	0.0	10	7.0	4.58257569495584	10.0	0.0	-0.008473032500080895	-2.4329287059554345	0.18365710420794004	8.5549999786125	8.278999917210001
688	11272192	10	6.0	4.898979485566356	10.0	0.0	10	6.0	4.898979485566356	10.0	0.0	-0.009340803316199684	-2.399038237580103	0.21089549577771224	8.6649999783375	8.78299991217
692	11337728	10	6.0	4.898979485566356	10.0	0.0	10	5.0	5.0	10.0	0.0	-0.008228481465015864	-2.3859569924571256	0.19987314720108287	8.529499978676249	2.0869999791300007
696	11403264	10	5.0	5.0	10.0	0.0	10	7.0	4.58257569495584	10.0	0.0	-0.008970518236588685	-2.4111243980598203	0.21303467163149187	8.52749997868125	7.304999926950001
700	11468800	10	5.0	5.0	10.0	0.0	10	3.0	4.58257569495584	10.0	0.0	-0.007931745239231128	-2.3783731060729516	0.23324773978185373	8.488249978779375	7.919999920800001
704	11534336	10	6.0	4.898979485566356	10.0	0.0	10	8.0	4.0	10.0	0.0	-0.008420741720664305	-2.401005603122946	0.23198594895568936	8.53949997865125	7.644999923550001
708	11599872	10	7.0	4.58257569495584	10.0	0.0	10	8.0	4.0	10.0	0.0	-0.007985414145652682	-2.3972259409712082	0.18530224471285406	8.561749978595625	4.321999956780001
712	11665408	10	4.0	4.898979485566356	10.0	0.0	10	10.0	0.0	10.0	10.0	-0.008123273514141105	-2.416451560702539	0.23899801554152292	8.585749978535626	6.939999930600002
716	11730944	10	6.0	4.898979485566356	10.0	0.0	10	5.0	5.0	10.0	0.0	-0.008624598397557023	-2.4438138874806437	0.1907651332629192	8.59149997852125	5.6799999432
720	11796480	10	3.0	4.58257569495584	10.0	0.0	10	9.0	3.0	10.0	0.0	-0.009045738821712168	-2.437537165725634	0.17131376272455995	8.601749978495626	5.036999949630001
724	11862016	10	4.0	4.898979485566356	10.0	0.0	10	5.0	5.0	10.0	0.0	-0.008612446495754067	-2.392639207094027	0.19697733104971094	8.510749978723124	12.713999872860002
728	11927552	10	6.0	4.898979485566356	10.0	0.0	10	8.0	4.0	10.0	0.0	-0.008613569578616807	-2.3940445331225457	0.18469343798173812	8.480249978799375	9.40799990592
732	11993088	10	6.0	4.898979485566356	10.0	0.0	10	6.0	4.898979485566356	10.0	0.0	-0.008646814862316197	-2.3838272862136733	0.16751854709777672	8.4799999788	5.480999945190001
736	12058624	10	4.0	4.898979485566356	10.0	0.0	10	5.0	5.0	10.0	0.0	-0.008089363011464991	-2.384643452614498	0.18888154212590985	8.588749978528126	12.596999874030002
740	12124160	10	5.0	5.0	10.0	0.0	10	7.0	4.58257569495584	10.0	0.0	-0.008448158149833409	-2.3804082296792624	0.1697254545499414	8.574249978564376	12.563999874360002
744	12189696	10	6.0	4.898979485566356	10.0	0.0	10	5.0	5.0	10.0	0.0	-0.009181689069872299	-2.4300231906227205	0.15769751500247836	8.536249978659374	10.237999897620002
748	12255232	10	3.0	4.58257569495584	10.0	0.0	10	4.0	4.898979485566356	10.0	0.0	-0.007900102730153334	-2.4254085592882606	0.1679516867559542	8.582249978544375	12.832999871670003
752	12320768	10	4.0	4.898979485566356	10.0	0.0	10	5.0	5.0	10.0	0.0	-0.008051605215233543	-2.40998746181259	0.14501266560248466	8.59449997851375	13.025999869740001
756	12386304	10	6.0	4.898979485566356	10.0	0.0	10	8.0	4.0	10.0	0.0	-0.008025179322807333	-2.414630112297145	0.16246075779059505	8.657999978354999	7.9309999206900015
760	12451840	10	7.0	4.58257569495584	10.0	0.0	10	7.0	4.58257569495584	10.0	0.0	-0.008966486871007005	-2.343080642078628	0.22792410072048547	8.567999978580001	10.012999899870001
764	12517376	10	3.0	4.58257569495584	10.0	0.0	10	7.0	4.58257569495584	10.0	0.0	-0.00916695135821715	-2.318001632647653	0.23670808301014637	8.553999978614998	7.900999920990001
768	12582912	10	4.0	4.898979485566356	10.0	0.0	10	7.0	4.58257569495584	10.0	0.0	-0.008435736627719811	-2.397080843397625	0.20338037475998105	8.5149999787125	13.241999867580002
772	12648448	10	4.0	4.898979485566356	10.0	0.0	10	1.0	3.0	10.0	0.0	-0.008098938402089584	-2.4127299460242257	0.19014340838920277	8.6149999784625	7.365999926340001
776	12713984	10	6.0	4.898979485566356	10.0	0.0	10	7.0	4.58257569495584	10.0	0.0	-0.007781315843908899	-2.4372894289537586	0.19594315740101423	8.58449997853875	11.1199998888
780	12779520	10	5.0	5.0	10.0	0.0	10	5.0	5.0	10.0	0.0	-0.009246732656666562	-2.4539321956462525	0.16104702362665332	8.545249978636877	9.846999901530001
784	12845056	10	5.0	5.0	10.0	0.0	10	5.0	5.0	10.0	0.0	-0.008877059322594463	-2.442569019639371	0.1562176133964155	8.5649999785875	9.987999900120002
788	12910592	10	6.0	4.898979485566356	10.0	0.0	10	6.0	4.898979485566356	10.0	0.0	-0.00793683739335178	-2.42942678654716	0.2130967836294623	8.567249978581875	12.911999870880003
792	12976128	10	5.0	5.0	10.0	0.0	10	7.0	4.58257569495584	10.0	0.0	-0.009184594073559673	-2.366352150591085	0.24824334919039884	8.5749999785625	13.253999867460001
796	13041664	10	5.0	5.0	10.0	0.0	10	4.0	4.898979485566356	10.0	0.0	-0.007876823352275564	-2.396394788969278	0.23391411854621996	8.499499978751249	7.663999923360001
800	13107200	10	7.0	4.58257569495584	10.0	0.0	10	5.0	5.0	10.0	0.0	-0.007545875039009617	-2.4092687241706945	0.19627917633520425	8.613499978466253	12.953999870460002
804	13172736	10	4.0	4.898979485566356	10.0	0.0	10	5.0	5.0	10.0	0.0	-0.008250582896885171	-2.4024950313052336	0.196433287403884	8.690249978274377	12.751999872480003
808	13238272	10	3.0	4.58257569495584	10.0	0.0	10	8.0	4.0	10.0	0.0	-0.008924363400769414	-2.4423990172583814	0.1638130496551076	8.570749978573126	12.882999871170002
812	13303808	10	5.0	5.0	10.0	0.0	10	5.0	5.0	10.0	0.0	-0.008372613751854318	-2.4815822762646147	0.1096956955620374	8.567249978581875	13.326999866730002
816	13369344	10	6.0	4.898979485566356	10.0	0.0	10	3.0	4.58257569495584	10.0	0.0	-0.008383928836070876	-2.4733032109743904	0.14816864780159134	8.577249978556875	12.844999871550003
820	13434880	10	5.0	5.0	10.0	0.0	10	4.0	4.898979485566356	10.0	0.0	-0.009271237188178452	-2.403796918439809	0.23819847759482568	8.573749978565626	7.9229999207700015
824	13500416	10	3.0	4.58257569495584	10.0	0.0	10	4.0	4.898979485566356	10.0	0.0	-0.008529829282472798	-2.4288903844806673	0.23762423387426462	8.605999978485	12.549999874500003
828	13565952	10	7.0	4.58257569495584	10.0	0.0	10	8.0	4.0	10.0	0.0	-0.00836304709965482	-2.3753185046225087	0.25683346093130016	8.531249978671875	11.061999889380001
832	13631488	10	7.0	4.58257569495584	10.0	0.0	10	6.0	4.898979485566356	10.0	0.0	-0.010292226272960038	-2.3716035631808827	0.2838051484912543	8.360749979098125	6.185999938140001
836	13697024	10	2.0	4.0	10.0	0.0	10	6.0	4.898979485566356	10.0	0.0	-0.00964332896688774	-2.390617181608404	0.1973268413555461	8.449999978874999	8.162999918370001
840	13762560	10	4.0	4.898979485566356	10.0	0.0	10	8.0	4.0	10.0	0.0	-0.008307803467428269	-2.4437408891754897	0.15696462234399325	8.62749997843125	12.55499987445
844	13828096	10	4.0	4.898979485566356	10.0	0.0	10	6.0	4.898979485566356	10.0	0.0	-0.008740089580592796	-2.4930641747897697	0.12852234376497412	8.5549999786125	7.640999923590002
848	13893632	10	2.0	4.0	10.0	0.0	10	7.0	4.58257569495584	10.0	0.0	-0.0083129403129059	-2.429881127918967	0.15225366873943313	8.506249978734376	12.958999870410002
852	13959168	10	7.0	4.58257569495584	10.0	0.0	10	8.0	4.0	10.0	0.0	-0.008895074319584235	-2.428435350204865	0.1288983259836674	8.565499978586251	12.587999874120001
856	14024704	10	6.0	4.898979485566356	10.0	0.0	10	6.0	4.898979485566356	10.0	0.0	-0.007866368640345517	-2.3730309379609125	0.23498842195333008	8.5489999786275	8.879999911200002
860	14090240	10	7.0	4.58257569495584	10.0	0.0	10	6.0	4.898979485566356	10.0	0.0	-0.008307476536824825	-2.3895872232809	0.17991292451496893	8.660249978349375	13.262999867370002
864	14155776	10	2.0	4.0	10.0	0.0	10	7.0	4.58257569495584	10.0	0.0	-0.009129640936366158	-2.3924739457658237	0.1386162464672973	8.524249978689374	8.35699991643
868	14221312	10	6.0	4.898979485566356	10.0	0.0	10	6.0	4.898979485566356	10.0	0.0	-0.008136879086791605	-2.3838359512389067	0.2060162726730333	8.50549997873625	8.591999914080002
872	14286848	10	5.0	5.0	10.0	0.0	10	3.0	4.58257569495584	10.0	0.0	-0.00804477847281785	-2.388704433788385	0.18556396226638774	8.50549997873625	12.794999872050003
876	14352384	10	3.0	4.58257569495584	10.0	0.0	10	8.0	4.0	10.0	0.0	-0.008724784945722963	-2.3880108964935927	0.12484756560937442	8.583499978541251	12.951999870480002
880	14417920	10	7.0	4.58257569495584	10.0	0.0	10	6.0	4.898979485566356	10.0	0.0	-0.008277334286551172	-2.358179531745838	0.20808170221441094	8.5999999785	9.741999902580002
884	14483456	10	7.0	4.58257569495584	10.0	0.0	10	4.0	4.898979485566356	10.0	0.0	-0.008972425866558326	-2.402689670272727	0.1896828289411816	8.573999978564999	12.439999875600002
888	14548992	10	7.0	4.58257569495584	10.0	0.0	10	5.0	5.0	10.0	0.0	-0.009158913008787755	-2.3842442082861997	0.16636780958131459	8.61949997845125	7.884999921150001
892	14614528	10	4.0	4.898979485566356	10.0	0.0	10	6.0	4.898979485566356	10.0	0.0	-0.00865455737130903	-2.3575541076588555	0.2021953826559566	8.52749997868125	8.843999911560001
896	14680064	10	4.0	4.898979485566356	10.0	0.0	10	6.0	4.898979485566356	10.0	0.0	-0.008784967020189624	-2.3696995027378387	0.19763346472248594	8.53049997867375	5.821999941780001
900	14745600	10	3.0	4.58257569495584	10.0	0.0	10	5.0	5.0	10.0	0.0	-0.00788786076412172	-2.387074738492267	0.22361844899907896	8.52149997869625	10.899999891000002
904	14811136	10	5.0	5.0	10.0	0.0	10	7.0	4.58257569495584	10.0	0.0	-0.008660499307559886	-2.4013528672339515	0.18485661726071573	8.60249997849375	12.897999871020001
908	14876672	10	2.0	4.0	10.0	0.0	10	8.0	4.0	10.0	0.0	-0.008191466088096734	-2.4031169064323255	0.17465429122603054	8.532749978668125	9.1899999081
912	14942208	10	3.0	4.58257569495584	10.0	0.0	10	8.0	4.0	10.0	0.0	-0.008455621816239323	-2.415972272303369	0.2069353316695007	8.514499978713753	3.7249999627500006
916	15007744	10	6.0	4.898979485566356	10.0	0.0	10	7.0	4.58257569495584	10.0	0.0	-0.008633088227432287	-2.4149144140350596	0.15459131176214905	8.565749978585625	7.433999925660001
920	15073280	10	5.0	5.0	10.0	0.0	10	6.0	4.898979485566356	10.0	0.0	-0.008129472921066049	-2.3801217002177495	0.15544409411892343	8.533749978665627	8.219999917800003
924	15138816	10	6.0	4.898979485566356	10.0	0.0	10	8.0	4.0	10.0	0.0	-0.008470653848868552	-2.3922607076656353	0.1853514390338853	8.5149999787125	3.6739999632600004
928	15204352	10	4.0	4.898979485566356	10.0	0.0	10	5.0	5.0	10.0	0.0	-0.009227881597577325	-2.3060231305740233	0.23274506315648047	8.512749978718125	12.768999872310003
932	15269888	10	4.0	4.898979485566356	10.0	0.0	10	5.0	5.0	10.0	0.0	-0.008962997912300832	-2.417609721170361	0.2185943195523855	8.645749978385625	8.070999919290001
936	15335424	10	4.0	4.898979485566356	10.0	0.0	10	5.0	5.0	10.0	0.0	-0.009118665053655559	-2.393021354823384	0.22740784525675528	8.564499978588751	12.800999871990003
940	15400960	10	6.0	4.898979485566356	10.0	0.0	10	7.0	4.58257569495584	10.0	0.0	-0.009175024795952134	-2.3630183361492745	0.19811807912262858	8.581499978546251	12.738999872610004
944	15466496	10	5.0	5.0	10.0	0.0	10	5.0	5.0	10.0	0.0	-0.008060532529037549	-2.3727608668319364	0.1936869023476446	8.617249978456876	9.884999901150001
948	15532032	10	4.0	4.898979485566356	10.0	0.0	10	4.0	4.898979485566356	10.0	0.0	-0.008543175661259915	-2.4065134175098524	0.16680327312214613	8.6449999783875	5.59199994408
952	15597568	10	8.0	4.0	10.0	0.0	10	8.0	4.0	10.0	0.0	-0.00814196131408075	-2.389841985950278	0.2440860484627691	8.509749978725626	3.2209999677900005
956	15663104	10	3.0	4.58257569495584	10.0	0.0	10	5.0	5.0	10.0	0.0	-0.008334931761399923	-2.4032542802373573	0.16735444930191	8.549499978626251	8.01099991989
960	15728640	10	6.0	4.898979485566356	10.0	0.0	10	4.0	4.898979485566356	10.0	0.0	-0.008661915571496679	-2.4155274006195	0.17909605706107656	8.492249978769376	7.299999927000001
964	15794176	10	3.0	4.58257569495584	10.0	0.0	10	5.0	5.0	10.0	0.0	-0.008049753273018155	-2.3427041120870404	0.21236892539037416	8.537999978655	10.479999895200002
968	15859712	10	5.0	5.0	10.0	0.0	10	8.0	4.0	10.0	0.0	-0.008658755480011335	-2.356699165953082	0.18806420699286464	8.584749978538126	9.376999906230003
972	15925248	10	7.0	4.58257569495584	10.0	0.0	10	6.0	4.898979485566356	10.0	0.0	-0.00841804335902379	-2.345628348245266	0.16527254427613805	8.627249978431875	12.670999873290002
976	15990784	10	6.0	4.898979485566356	10.0	0.0	10	6.0	4.898979485566356	10.0	0.0	-0.008157634048134865	-2.3931315836797773	0.15375961493651283	8.603749978490624	13.036999869630003
980	16056320	10	5.0	5.0	10.0	0.0	10	7.0	4.58257569495584	10.0	0.0	-0.008212312943571992	-2.436033352955742	0.1268220742799483	8.5089999787275	11.25799988742
984	16121856	10	6.0	4.898979485566356	10.0	0.0	10	4.0	4.898979485566356	10.0	0.0	-0.008402008911650861	-2.398429485408968	0.16183090844678957	8.510749978723124	7.203999927960001
988	16187392	10	5.0	5.0	10.0	0.0	10	7.0	4.58257569495584	10.0	0.0	-0.009019709513844296	-2.364186013492045	0.1573349361454469	8.557999978605	8.28299991717
992	16252928	10	4.0	4.898979485566356	10.0	0.0	10	5.0	5.0	10.0	0.0	-0.009048289036367056	-2.40852108324314	0.14613666624481622	8.552749978618126	11.672999883270002
996	16318464	10	3.0	4.58257569495584	10.0	0.0	10	7.0	4.58257569495584	10.0	0.0	-0.008285271529273571	-2.3694908914482005	0.1986919710360871	8.544249978639375	8.363999916360003
1000	16384000	10	6.0	4.898979485566356	10.0	0.0	10	5.0	5.0	10.0	0.0	-0.00879174585284975	-2.364676269145852	0.20791602132538797	8.5669999785825	9.23199990768
1004	16449536	10	7.0	4.58257569495584	10.0	0.0	10	5.0	5.0	10.0	0.0	-0.007573279864238987	-2.333557734643726	0.18534387816917428	8.554749978613124	13.070999869290002
1008	16515072	10	7.0	4.58257569495584	10.0	0.0	10	5.0	5.0	10.0	0.0	-0.008535268254814371	-2.35619364654316	0.18706457058813158	8.53749997865625	11.309999886900002
1012	16580608	10	5.0	5.0	10.0	0.0	10	8.0	4.0	10.0	0.0	-0.007578033464413907	-2.4263027158832386	0.16145492289085708	8.71349997821625	4.912999950870001
1016	16646144	10	6.0	4.898979485566356	10.0	0.0	10	5.0	5.0	10.0	0.0	-0.008386527822682307	-2.348193521056348	0.2526584473796257	8.725499978186251	5.898999941010001
1020	16711680	10	6.0	4.898979485566356	10.0	0.0	10	5.0	5.0	10.0	0.0	-0.009128819588678307	-2.2961841695102327	0.2851146571041182	8.546749978633125	2.949999970500001
1024	16777216	10	4.0	4.898979485566356	10.0	0.0	10	8.0	4.0	10.0	0.0	-0.007965903745347815	-2.3022659244722026	0.3138477232290712	8.515249978711875	4.6299999537000005
1028	16842752	10	5.0	5.0	10.0	0.0	10	8.0	4.0	10.0	0.0	-0.008654832417058732	-2.297071700055534	0.27216111803696735	8.500249978749377	3.3529999664700005
1032	16908288	10	5.0	5.0	10.0	0.0	10	9.0	3.0	10.0	0.0	-0.008166923080108326	-2.3533136469654607	0.26777077510026315	8.536999978657501	5.379999946200001
1036	16973824	10	5.0	5.0	10.0	0.0	10	7.0	4.58257569495584	10.0	0.0	-0.00856438459263921	-2.3675886191444993	0.28685426646959894	8.4799999788	10.052999899470002
1040	17039360	10	7.0	4.58257569495584	10.0	0.0	10	3.0	4.58257569495584	10.0	0.0	-0.00783976798911871	-2.4202994006337852	0.1691457897558945	8.566749978583124	9.412999905870002
1044	17104896	10	5.0	5.0	10.0	0.0	10	4.0	4.898979485566356	10.0	0.0	-0.008478152808519532	-2.4063385176138845	0.22941505503003207	8.597999978505001	9.552999904470003
1048	17170432	10	6.0	4.898979485566356	10.0	0.0	10	7.0	4.58257569495584	10.0	0.0	-0.007880555845771674	-2.4394472015343163	0.21897878542124072	8.5869999785325	7.7389999226100015
1052	17235968	10	5.0	5.0	10.0	0.0	10	4.0	4.898979485566356	10.0	0.0	-0.008338705005109307	-2.4031498727679366	0.23831554282457706	8.542249978644374	12.910999870890002
1056	17301504	10	7.0	4.58257569495584	10.0	0.0	10	4.0	4.898979485566356	10.0	0.0	-0.007714575582622059	-2.3893025490139554	0.23274931526491488	8.563249978591875	7.949999920500002
1060	17367040	10	5.0	5.0	10.0	0.0	10	6.0	4.898979485566356	10.0	0.0	-0.00877195647292743	-2.3756872462738463	0.31814880634758835	8.502749978743125	9.224999907750002
1064	17432576	10	4.0	4.898979485566356	10.0	0.0	10	7.0	4.58257569495584	10.0	0.0	-0.00885602843268531	-2.3834414976339318	0.2076396257400288	8.581749978545625	9.799999902000001
1068	17498112	10	6.0	4.898979485566356	10.0	0.0	10	6.0	4.898979485566356	10.0	0.0	-0.009297724868036712	-2.3598450345323005	0.26145966286220546	8.514249978714377	10.072999899270002
1072	17563648	10	7.0	4.58257569495584	10.0	0.0	10	9.0	3.0	10.0	0.0	-0.008627325666577135	-2.3069036774417793	0.2887571022234575	8.4829999787925	2.0719999792800006
1076	17629184	10	5.0	5.0	10.0	0.0	10	7.0	4.58257569495584	10.0	0.0	-0.009361823514089125	-2.332120058194259	0.2932367243809023	8.564999978587501	10.42099989579
1080	17694720	10	9.0	3.0	10.0	0.0	10	7.0	4.58257569495584	10.0	0.0	-0.009194179320681513	-2.3759859052805696	0.22631941283247736	8.6649999783375	3.9519999604800007
1084	17760256	10	7.0	4.58257569495584	10.0	0.0	10	5.0	5.0	10.0	0.0	-0.00839658389823397	-2.3623599159243587	0.21565214883773248	8.591999978519999	7.888999921110002
1088	17825792	10	4.0	4.898979485566356	10.0	0.0	10	9.0	3.0	10.0	0.0	-0.008236882520932288	-2.361694745473423	0.16625420631040333	8.537249978656876	2.1359999786400006
1092	17891328	10	7.0	4.58257569495584	10.0	0.0	10	6.0	4.898979485566356	10.0	0.0	-0.008544914797028465	-2.4001209758205504	0.1610150244695359	8.555249978611874	11.388999886110001
1096	17956864	10	5.0	5.0	10.0	0.0	10	6.0	4.898979485566356	10.0	0.0	-0.008291449401789297	-2.3431932079338016	0.20129089971149275	8.533749978665625	10.726999892730001
1100	18022400	10	5.0	5.0	10.0	0.0	10	4.0	4.898979485566356	10.0	0.0	-0.007845087968024153	-2.3293297437387226	0.25705676336889033	8.578249978554377	4.110999958890001
1104	18087936	10	5.0	5.0	10.0	0.0	10	8.0	4.0	10.0	0.0	-0.008409103387478854	-2.3777797964718657	0.17060512100742334	8.5599999786	11.648999883510001
1108	18153472	10	7.0	4.58257569495584	10.0	0.0	10	8.0	4.0	10.0	0.0	-0.007475282588660627	-2.4242483797130974	0.1410750707386878	8.510999978722499	13.164999868350002
1112	18219008	10	6.0	4.898979485566356	10.0	0.0	10	7.0	4.58257569495584	10.0	0.0	-0.008222859208876691	-2.3776045861350394	0.1530759110887337	8.566249978584375	12.206999877930002
1116	18284544	10	4.0	4.898979485566356	10.0	0.0	10	9.0	3.0	10.0	0.0	-0.008298936460398941	-2.4049559680102486	0.13682909921559436	8.580249978549375	12.744999872550002
1120	18350080	10	8.0	4.0	10.0	0.0	10	6.0	4.898979485566356	10.0	0.0	-0.008357859045987504	-2.4564387050692473	0.11392771055666487	8.5189999787025	10.894999891050002
1124	18415616	10	5.0	5.0	10.0	0.0	10	5.0	5.0	10.0	0.0	-0.009491314164654737	-2.394203108796427	0.1415971911675259	8.649749978375624	12.908999870910003
1128	18481152	10	4.0	4.898979485566356	10.0	0.0	10	5.0	5.0	10.0	0.0	-0.008291938210323044	-2.3724698546044314	0.15329363358472883	8.563999978590001	12.667999873320001
1132	18546688	10	4.0	4.898979485566356	10.0	0.0	10	5.0	5.0	10.0	0.0	-0.007628303760120293	-2.4324814972727853	0.11555113983689107	8.45949997885125	12.871999871280002
1136	18612224	10	6.0	4.898979485566356	10.0	0.0	10	4.0	4.898979485566356	10.0	0.0	-0.00737810305553312	-2.432406673575385	0.11946247392641847	8.554499978613752	13.386999866130003
1140	18677760	10	5.0	5.0	10.0	0.0	10	7.0	4.58257569495584	10.0	0.0	-0.00788790890670793	-2.455007736625844	0.1596272631265651	8.55949997860125	8.204999917950001
1144	18743296	10	6.0	4.898979485566356	10.0	0.0	10	5.0	5.0	10.0	0.0	-0.007421646513785144	-2.448390933119523	0.1502533972417263	8.583249978541875	7.824999921750002
1148	18808832	10	7.0	4.58257569495584	10.0	0.0	10	5.0	5.0	10.0	0.0	-0.00828862464948908	-2.3924616299560983	0.15415848952974906	8.533749978665625	4.77599995224
1152	18874368	10	5.0	5.0	10.0	0.0	10	9.0	3.0	10.0	0.0	-0.008254230023995923	-2.4068328040317946	0.20348035642930717	8.537999978655	12.140999878590002
1156	18939904	10	5.0	5.0	10.0	0.0	10	7.0	4.58257569495584	10.0	0.0	-0.008564336583445558	-2.3908099231613726	0.1861046227277423	8.618749978453126	8.934999910650001
1160	19005440	10	4.0	4.898979485566356	10.0	0.0	10	9.0	3.0	10.0	0.0	-0.008279131409276582	-2.382643895596426	0.15703478376297522	8.6409999783975	9.870999901290002
1164	19070976	10	7.0	4.58257569495584	10.0	0.0	10	7.0	4.58257569495584	10.0	0.0	-0.0075715388173189044	-2.3533524545562594	0.17692569750070372	8.460249978849376	10.761999892380002
1168	19136512	10	5.0	5.0	10.0	0.0	10	6.0	4.898979485566356	10.0	0.0	-0.007859713018751616	-2.344175944481487	0.1536632647267354	8.614749978463125	2.7739999722600004
1172	19202048	10	5.0	5.0	10.0	0.0	10	6.0	4.898979485566356	10.0	0.0	-0.007708106557811793	-2.375588049243789	0.21370553114398452	8.56849997857875	6.400999935990001
1176	19267584	10	6.0	4.898979485566356	10.0	0.0	10	6.0	4.898979485566356	10.0	0.0	-0.00738816612449271	-2.3697170960421534	0.20347830061233416	8.599249978501875	12.763999872360001
1180	19333120	10	2.0	4.0	10.0	0.0	10	7.0	4.58257569495584	10.0	0.0	-0.008365639057691195	-2.4017942023755645	0.22126114435983107	8.513749978715627	13.154999868450002
1184	19398656	10	5.0	5.0	10.0	0.0	10	5.0	5.0	10.0	0.0	-0.00820132036617665	-2.4501399320792	0.1421093762859441	8.531249978671875	9.047999909520001
1188	19464192	10	4.0	4.898979485566356	10.0	0.0	10	5.0	5.0	10.0	0.0	-0.008010101073295344	-2.4322437616635963	0.16911100966956955	8.572999978567498	11.55599988444
1192	19529728	10	3.0	4.58257569495584	10.0	0.0	10	7.0	4.58257569495584	10.0	0.0	-0.007596498869858461	-2.4611424975017013	0.16336376497682933	8.625749978435625	13.675999863240003
1196	19595264	10	3.0	4.58257569495584	10.0	0.0	10	7.0	4.58257569495584	10.0	0.0	-0.007173766080551744	-2.43989067499256	0.20703268825093013	8.541999978645	10.658999893410002
1200	19660800	10	3.0	4.58257569495584	10.0	0.0	10	5.0	5.0	10.0	0.0	-0.008595058206097371	-2.4512236438621784	0.1417496087037141	8.715749978210624	7.680999923190002
1204	19726336	10	7.0	4.58257569495584	10.0	0.0	10	5.0	5.0	10.0	0.0	-0.007502661682465897	-2.3859506520130385	0.20745044059753143	8.539749978650626	8.332999916670001
1208	19791872	10	5.0	5.0	10.0	0.0	10	5.0	5.0	10.0	0.0	-0.008173811961627355	-2.373342382163939	0.2297424661377169	8.54399997864	7.5599999244000005
1212	19857408	10	5.0	5.0	10.0	0.0	10	4.0	4.898979485566356	10.0	0.0	-0.007499022929982358	-2.406045858808068	0.15396028646837281	8.580749978548125	12.691999873080002
1216	19922944	10	5.0	5.0	10.0	0.0	10	9.0	3.0	10.0	0.0	-0.00865231587674834	-2.3756811864682947	0.2192899000912962	8.537999978655	7.697999923020002
1220	19988480	10	3.0	4.58257569495584	10.0	0.0	10	8.0	4.0	10.0	0.0	-0.007625584431595255	-2.4069629681583358	0.10297822295391504	8.5669999785825	12.594999874050004
1224	20054016	10	5.0	5.0	10.0	0.0	10	6.0	4.898979485566356	10.0	0.0	-0.007819821501868964	-2.441026662532528	0.15463690396029267	8.55049997862375	8.761999912380002
1228	20119552	10	7.0	4.58257569495584	10.0	0.0	10	7.0	4.58257569495584	10.0	0.0	-0.008645641184869534	-2.4513358843753323	0.13091052655940058	8.58399997854	12.786999872130004
1232	20185088	10	4.0	4.898979485566356	10.0	0.0	10	4.0	4.898979485566356	10.0	0.0	-0.008738363034656237	-2.4722722915219895	0.12030239421397236	8.56849997857875	11.226999887730003
1236	20250624	10	6.0	4.898979485566356	10.0	0.0	10	6.0	4.898979485566356	10.0	0.0	-0.007611313889775911	-2.4420988830367	0.18582136026821058	8.57599997856	9.65799990342
1240	20316160	10	6.0	4.898979485566356	10.0	0.0	10	8.0	4.0	10.0	0.0	-0.007689220320680155	-2.4454432499841614	0.15318191096453637	8.391249979021875	10.668999893310001
1244	20381696	10	5.0	5.0	10.0	0.0	10	4.0	4.898979485566356	10.0	0.0	-0.007907924275448402	-2.435064628466631	0.12129644959056739	8.59249997851875	10.317999896820002
1248	20447232	10	8.0	4.0	10.0	0.0	10	6.0	4.898979485566356	10.0	0.0	-0.007974562559338653	-2.4163855113055543	0.1527164123482868	8.589999978525	13.154999868450002
1252	20512768	10	5.0	5.0	10.0	0.0	10	8.0	4.0	10.0	0.0	-0.00856480704686484	-2.391577958811546	0.23183041606787919	8.58849997852875	8.163999918360002
1256	20578304	10	5.0	5.0	10.0	0.0	10	8.0	4.0	10.0	0.0	-0.008499308784266656	-2.436445238435785	0.15428524431717594	8.533999978665001	12.748999872510003
1260	20643840	10	7.0	4.58257569495584	10.0	0.0	10	10.0	0.0	10.0	10.0	-0.008808385514376963	-2.4078251567955027	0.19269691390151208	8.50799997873	7.275999927240001
1264	20709376	10	5.0	5.0	10.0	0.0	10	9.0	3.0	10.0	0.0	-0.008737210028205152	-2.3431935432099285	0.2433621854423052	8.50449997873875	3.3459999665400004
1268	20774912	10	5.0	5.0	10.0	0.0	10	7.0	4.58257569495584	10.0	0.0	-0.007867878121425934	-2.325192692136949	0.22982720562656805	8.485249978786875	10.559999894400002
1272	20840448	10	5.0	5.0	10.0	0.0	10	4.0	4.898979485566356	10.0	0.0	-0.0090146233526874	-2.4361983659312583	0.1543126145682674	8.4949999787625	8.020999919790002
1276	20905984	10	7.0	4.58257569495584	10.0	0.0	10	5.0	5.0	10.0	0.0	-0.008370898920209516	-2.372256281228116	0.20564342256976834	8.544749978638126	12.665999873340002
1280	20971520	10	6.0	4.898979485566356	10.0	0.0	10	6.0	4.898979485566356	10.0	0.0	-0.007811598740868538	-2.3959184286482826	0.17445350723696967	8.5289999786775	7.680999923190002
1284	21037056	10	5.0	5.0	10.0	0.0	10	7.0	4.58257569495584	10.0	0.0	-0.007817710763542544	-2.4005044100168234	0.20435031144303312	8.618499978453752	13.009999869900001
1288	21102592	10	7.0	4.58257569495584	10.0	0.0	10	7.0	4.58257569495584	10.0	0.0	-0.008699655627730807	-2.479028135279869	0.09806429481198858	8.587249978531876	9.38599990614
1292	21168128	10	6.0	4.898979485566356	10.0	0.0	10	6.0	4.898979485566356	10.0	0.0	-0.007707946719574941	-2.419234484182124	0.15647073468736594	8.56249997859375	13.29599986704
1296	21233664	10	5.0	5.0	10.0	0.0	10	6.0	4.898979485566356	10.0	0.0	-0.00790418501773703	-2.4585010853829057	0.14926275120424592	8.60549997848625	7.275999927240001
1300	21299200	10	7.0	4.58257569495584	10.0	0.0	10	8.0	4.0	10.0	0.0	-0.007423161300251322	-2.4778440467915726	0.1375863186406076	8.453749978865625	10.179999898200002
1304	21364736	10	5.0	5.0	10.0	0.0	10	5.0	5.0	10.0	0.0	-0.005864016728078282	-2.438446558757931	0.1730859068352487	8.481749978795625	6.405999935940001
1308	21430272	10	4.0	4.898979485566356	10.0	0.0	10	7.0	4.58257569495584	10.0	0.0	-0.007865593964287775	-2.3916847678514457	0.25446333190259096	8.615249978461875	3.2019999679800004
1312	21495808	10	5.0	5.0	10.0	0.0	10	7.0	4.58257569495584	10.0	0.0	-0.008061417843306759	-2.3480050933895447	0.20586985828694002	8.60949997847625	5.274999947250001
1316	21561344	10	4.0	4.898979485566356	10.0	0.0	10	8.0	4.0	10.0	0.0	-0.008258386686418344	-2.352672092371488	0.21833613279795228	8.666749978333126	4.400999955990001
1320	21626880	10	3.0	4.58257569495584	10.0	0.0	10	7.0	4.58257569495584	10.0	0.0	-0.007932950886022886	-2.344686132921916	0.23956732433898204	8.609249978476875	7.361999926380001
1324	21692416	10	7.0	4.58257569495584	10.0	0.0	10	5.0	5.0	10.0	0.0	-0.008698421495564993	-2.387108608831657	0.1599426690788108	8.570499978573752	8.87299991127
1328	21757952	10	5.0	5.0	10.0	0.0	10	7.0	4.58257569495584	10.0	0.0	-0.008848340264181912	-2.404846374936733	0.1425426812538786	8.583749978540625	8.312999916870002
1332	21823488	10	2.0	4.0	10.0	0.0	10	7.0	4.58257569495584	10.0	0.0	-0.007173677081038217	-2.4112141254019397	0.14483905395846816	8.636249978409376	13.356999866430002
1336	21889024	10	5.0	5.0	10.0	0.0	10	7.0	4.58257569495584	10.0	0.0	-0.006775344825555902	-2.433950962866129	0.14849124746402556	8.548499978628751	10.143999898560002
1340	21954560	10	3.0	4.58257569495584	10.0	0.0	10	7.0	4.58257569495584	10.0	0.0	-0.008321846473075807	-2.3784524795915694	0.1988396829873573	8.50749997873125	2.6459999735400004
1344	22020096	10	7.0	4.58257569495584	10.0	0.0	10	7.0	4.58257569495584	10.0	0.0	-0.008955508365313686	-2.393178867547767	0.13807274741234582	8.601999978495	12.625999873740001
1348	22085632	10	7.0	4.58257569495584	10.0	0.0	10	6.0	4.898979485566356	10.0	0.0	-0.007998925324879743	-2.4089170145465997	0.15970624950603005	8.533499978666251	12.876999871230003
1352	22151168	10	6.0	4.898979485566356	10.0	0.0	10	7.0	4.58257569495584	10.0	0.0	-0.008606009701010709	-2.363678561898222	0.1564409834325025	8.474499978813752	8.43299991567
1356	22216704	10	6.0	4.898979485566356	10.0	0.0	10	4.0	4.898979485566356	10.0	0.0	-0.00788575512381627	-2.3745794889837573	0.20337472815121174	8.445249978886874	7.796999922030001
1360	22282240	10	6.0	4.898979485566356	10.0	0.0	10	7.0	4.58257569495584	10.0	0.0	-0.00886796307075595	-2.340590814505588	0.21919865997087493	8.5009999787475	12.983999870160002
1364	22347776	10	5.0	5.0	10.0	0.0	10	5.0	5.0	10.0	0.0	-0.007739678230591582	-2.4096690612508134	0.20293884846440982	8.657499978356249	13.053999869460002
1368	22413312	10	6.0	4.898979485566356	10.0	0.0	10	6.0	4.898979485566356	10.0	0.0	-0.00902809645440295	-2.390244394291803	0.2055387475003279	8.48149997879625	9.134999908650002
1372	22478848	10	2.0	4.0	10.0	0.0	10	7.0	4.58257569495584	10.0	0.0	-0.008535484293760488	-2.403313951937352	0.19504032825261208	8.528749978678125	10.335999896640002
1376	22544384	10	4.0	4.898979485566356	10.0	0.0	10	8.0	4.0	10.0	0.0	-0.008316889988886134	-2.4022711363912657	0.18117120619528274	8.514749978713127	12.565999874340003
1380	22609920	10	4.0	4.898979485566356	10.0	0.0	10	6.0	4.898979485566356	10.0	0.0	-0.008579309131483318	-2.378637345880848	0.2208729120672641	8.659249978351875	12.987999870120001
1384	22675456	10	7.0	4.58257569495584	10.0	0.0	10	5.0	5.0	10.0	0.0	-0.008048825040300302	-2.3991344220920725	0.1523284835892689	8.5669999785825	8.515999914840002
1388	22740992	10	4.0	4.898979485566356	10.0	0.0	10	7.0	4.58257569495584	10.0	0.0	-0.008669899913918028	-2.410647349801883	0.14896672714191644	8.535249978661875	7.6319999236800005
1392	22806528	10	7.0	4.58257569495584	10.0	0.0	10	8.0	4.0	10.0	0.0	-0.007790788277307942	-2.4215850007991775	0.16712698090322362	8.573749978565626	4.343999956560001
1396	22872064	10	4.0	4.898979485566356	10.0	0.0	10	7.0	4.58257569495584	10.0	0.0	-0.007192875847227862	-2.4004950868569708	0.13785125771653675	8.560499978598749	7.749999922500002
1400	22937600	10	7.0	4.58257569495584	10.0	0.0	10	5.0	5.0	10.0	0.0	-0.008092508195725845	-2.411040770259682	0.12436391093714484	8.593749978515625	8.10699991893
1404	23003136	10	4.0	4.898979485566356	10.0	0.0	10	7.0	4.58257569495584	10.0	0.0	-0.008293004389133949	-2.3402278594718466	0.17998902513322906	8.631499978421251	6.129999938700001
1408	23068672	10	4.0	4.898979485566356	10.0	0.0	10	6.0	4.898979485566356	10.0	0.0	-0.008123988093214277	-2.3427468386832326	0.23690495606527595	8.54049997864875	6.907999930920002
1412	23134208	10	9.0	3.0	10.0	0.0	10	6.0	4.898979485566356	10.0	0.0	-0.008329118723588828	-2.4384012170079497	0.13262123100940748	8.531749978670623	7.359999926400001
1416	23199744	10	6.0	4.898979485566356	10.0	0.0	10	5.0	5.0	10.0	0.0	-0.008860289707613636	-2.366723927112252	0.13792579247110826	8.545999978634999	12.854999871450003
1420	23265280	10	7.0	4.58257569495584	10.0	0.0	10	9.0	3.0	10.0	0.0	-0.00769993369290336	-2.3612783772273875	0.12419317723510404	8.625749978435625	8.956999910430001
1424	23330816	10	6.0	4.898979485566356	10.0	0.0	10	5.0	5.0	10.0	0.0	-0.007591111703547756	-2.380703878651425	0.16065191305121224	8.548249978629375	9.063999909360001
1428	23396352	10	6.0	4.898979485566356	10.0	0.0	10	9.0	3.0	10.0	0.0	-0.008079971566750143	-2.350602733347338	0.17534014216039503	8.533749978665625	7.334999926650001
1432	23461888	10	5.0	5.0	10.0	0.0	10	5.0	5.0	10.0	0.0	-0.009001344339566507	-2.3555579158196864	0.17755512875828344	8.515999978710003	11.063999889360002
1436	23527424	10	7.0	4.58257569495584	10.0	0.0	10	8.0	4.0	10.0	0.0	-0.008373761010298887	-2.3384349343725015	0.21193760786481372	8.6149999784625	9.483999905160001
1440	23592960	10	7.0	4.58257569495584	10.0	0.0	10	10.0	0.0	10.0	10.0	-0.008766130577286573	-2.3050658750119766	0.24477960927345652	8.68449997828875	1.4249999857500002
1444	23658496	10	7.0	4.58257569495584	10.0	0.0	10	7.0	4.58257569495584	10.0	0.0	-0.008165239755785309	-2.3190562449463497	0.19686796048468042	8.593999978515	12.721999872780001
1448	23724032	10	4.0	4.898979485566356	10.0	0.0	10	6.0	4.898979485566356	10.0	0.0	-0.008123263459980342	-2.2987163660515963	0.20688624708931286	8.525999978685	9.940999900590002
1452	23789568	10	5.0	5.0	10.0	0.0	10	7.0	4.58257569495584	10.0	0.0	-0.009079265911738544	-2.3065478153607653	0.19776876346321148	8.5209999786975	7.844999921550001
1456	23855104	10	9.0	3.0	10.0	0.0	10	6.0	4.898979485566356	10.0	0.0	-0.00816696403889905	-2.3149981868835834	0.1380723562568645	8.600249978499374	7.657999923420002
1460	23920640	10	2.0	4.0	10.0	0.0	10	5.0	5.0	10.0	0.0	-0.008944126512059428	-2.4131646253138395	0.1514048025940846	8.69549997826125	12.573999874260002
1464	23986176	10	5.0	5.0	10.0	0.0	10	7.0	4.58257569495584	10.0	0.0	-0.007800203065720134	-2.3978679152812212	0.15509417185806948	8.654999978362499	12.919999870800002
1468	24051712	10	8.0	4.0	10.0	0.0	10	7.0	4.58257569495584	10.0	0.0	-0.006974284053771544	-2.445977245513122	0.17045106682703087	8.576749978558126	12.575999874240003
1472	24117248	10	2.0	4.0	10.0	0.0	10	5.0	5.0	10.0	0.0	-0.00874232670594094	-2.440629489465635	0.17014287914860668	8.558249978604376	8.059999919400001
1476	24182784	10	6.0	4.898979485566356	10.0	0.0	10	6.0	4.898979485566356	10.0	0.0	-0.00911499715489848	-2.443609105789432	0.1131575756666035	8.629999978425	12.757999872420001
1480	24248320	10	6.0	4.898979485566356	10.0	0.0	10	10.0	0.0	10.0	10.0	-0.00693308867800861	-2.448860337081768	0.11659323403483808	8.542499978643749	3.1449999685500005
1484	24313856	10	3.0	4.58257569495584	10.0	0.0	10	9.0	3.0	10.0	0.0	-0.008290338074448742	-2.39768205309767	0.16474846221032227	8.577999978554999	7.6749999232500015
1488	24379392	10	6.0	4.898979485566356	10.0	0.0	10	6.0	4.898979485566356	10.0	0.0	-0.008502537667505914	-2.422035438066752	0.18046760634812373	8.6909999782725	12.655999873440003
1492	24444928	10	6.0	4.898979485566356	10.0	0.0	10	3.0	4.58257569495584	10.0	0.0	-0.008607720865572873	-2.400434886165754	0.20156271093908906	8.507749978730624	9.955999900440002
1496	24510464	10	6.0	4.898979485566356	10.0	0.0	10	5.0	5.0	10.0	0.0	-0.007898840128378038	-2.425741332020007	0.14176446904193352	8.454749978863125	10.219999897800003
1500	24576000	10	7.0	4.58257569495584	10.0	0.0	10	6.0	4.898979485566356	10.0	0.0	-0.008441840880883745	-2.434067633991211	0.15977952713034638	8.512249978719375	12.995999870040002
1504	24641536	10	8.0	4.0	10.0	0.0	10	9.0	3.0	10.0	0.0	-0.008592455365653723	-2.4472768180006588	0.10827821235907197	8.636749978408126	8.487999915120001
1508	24707072	10	4.0	4.898979485566356	10.0	0.0	10	8.0	4.0	10.0	0.0	-0.008175371728063499	-2.435779476905455	0.16506674022556989	8.60449997848875	9.118999908810002
1512	24772608	10	7.0	4.58257569495584	10.0	0.0	10	7.0	4.58257569495584	10.0	0.0	-0.008324183057126547	-2.4133336367676095	0.14969331777337044	8.53999997865	12.077999879220002
1516	24838144	10	4.0	4.898979485566356	10.0	0.0	10	6.0	4.898979485566356	10.0	0.0	-0.008514763721018228	-2.449611544353902	0.1225682914439815	8.538999978652502	12.632999873670002
1520	24903680	10	6.0	4.898979485566356	10.0	0.0	10	6.0	4.898979485566356	10.0	0.0	-0.008250976269108222	-2.4428554447927553	0.1445788254345107	8.584499978538751	8.280999917190002
1524	24969216	10	6.0	4.898979485566356	10.0	0.0	10	10.0	0.0	10.0	10.0	-0.008144257919169727	-2.406300455081146	0.2033725782706587	8.608749978478127	5.187999948120001
