iter	frame	n_test	mean_returns	std_returns	max_returns	min_returns	n_test_train	mean_returns_train	std_returns_train	max_returns_train	min_returns_train	actor_loss	entropy_loss	value_loss	training_time	evaluation_time
0	0	10	0.6	1.2806248474865698	4.0	0.0	10	0.0	0.0	0.0	0.0	0	0	0	0.0	2.5379999746200004
4	65536	10	0.4	0.8000000000000002	2.0	0.0	10	0.6	0.9165151389911679	2.0	0.0	-8.722432053825892e-05	-2.6377209099366414	0.0927473232829568	4.3214999891962504	4.529999954700001
8	131072	10	1.0	1.61245154965971	4.0	0.0	10	0.8	1.32664991614216	4.0	0.0	-0.004059625369520025	-2.6288938544435703	0.06573514701734698	4.3534999891162505	5.43499994565
12	196608	10	0.8	1.32664991614216	4.0	0.0	10	1.4	2.009975124224178	6.0	0.0	-0.006339962297661745	-2.5611102031980435	0.060752432748245336	4.20799998948	4.198999958010001
16	262144	10	0.2	0.6000000000000001	2.0	0.0	10	0.8	0.9797958971132713	2.0	0.0	-0.006326252469027263	-2.51458327694369	0.06462821227911685	4.198249989504375	4.371999956280001
20	327680	10	1.6	1.9595917942265426	6.0	0.0	10	0.6	0.9165151389911681	2.0	0.0	-0.006628275911292967	-2.447755242132479	0.0525654155395807	4.220249989449375	3.7099999629000004
24	393216	10	1.2	1.32664991614216	4.0	0.0	10	2.0	2.0	6.0	0.0	-0.00743393469184888	-2.4053975589551286	0.04660963320929569	4.201249989496875	2.8689999713100005
28	458752	10	0.4	0.8000000000000002	2.0	0.0	10	1.0	1.3416407864998738	4.0	0.0	-0.0074133282388638075	-2.381503686060787	0.05181980062667658	4.399749989000624	7.024999929750002
32	524288	10	1.6	1.2000000000000002	4.0	0.0	10	1.8	2.4413111231467406	6.0	0.0	-0.008969367257704454	-2.357699498288609	0.05288859413541031	4.477249988806875	4.219999957800001
36	589824	10	1.6	1.9595917942265424	6.0	0.0	10	1.2	1.6	4.0	0.0	-0.008760853861225099	-2.3698405496791044	0.04189574062232614	4.33199998917	5.3979999460200006
40	655360	10	3.6	4.543126676640219	16.0	0.0	10	2.0	1.7888543819998317	4.0	0.0	-0.008762642080603709	-2.3300902990059775	0.03861729517021594	4.355499989111249	8.40099991599
44	720896	10	1.6	2.4979991993593593	8.0	0.0	10	2.2	2.6	8.0	0.0	-0.00838403223712984	-2.2930127975936334	0.03816123220982502	4.162249989594375	5.390999946090001
48	786432	10	1.0	1.3416407864998738	4.0	0.0	10	1.6	2.154065922853802	6.0	0.0	-0.009480308695475162	-2.320928372200959	0.04007669444709783	4.308499989228751	5.739999942600001
52	851968	10	2.2	2.08806130178211	6.0	0.0	10	1.0	1.61245154965971	4.0	0.0	-0.008582189042818203	-2.269207628828343	0.042148546311339144	4.473749988815625	6.553999934460001
56	917504	10	0.6	0.9165151389911679	2.0	0.0	10	1.8	2.7495454169735045	8.0	0.0	-0.009378344474431173	-2.2487089979293002	0.03777238865920829	4.14749998963125	6.74099993259
60	983040	10	0.8	0.9797958971132713	2.0	0.0	10	2.2	2.749545416973504	8.0	0.0	-0.008907223616594365	-2.173287228765204	0.03857963595835952	4.28399998929	6.369999936300001
64	1048576	10	1.6	2.33238075793812	8.0	0.0	10	1.6	1.4966629547095764	4.0	0.0	-0.010672978907778933	-2.2304804595968295	0.04394610524495881	4.45049998887375	2.0359999796400006
68	1114112	10	1.8	2.08806130178211	6.0	0.0	10	1.6	1.7435595774162695	4.0	0.0	-0.010140584047050566	-2.232060091958395	0.047450579348665416	4.3309999891725	6.009999939900001
72	1179648	10	2.0	1.2649110640673518	4.0	0.0	10	2.0	1.7888543819998317	6.0	0.0	-0.010349341012274329	-2.22631100790357	0.04546190068273045	4.333749989165625	10.18099989819
76	1245184	10	1.6	1.9595917942265426	6.0	0.0	10	3.4	2.1999999999999997	8.0	0.0	-0.010958010016788604	-2.2476942661050083	0.036003216282439514	4.163249989591875	7.2219999277800015
80	1310720	10	0.6	0.9165151389911679	2.0	0.0	10	2.2	2.749545416973504	8.0	0.0	-0.010614645137548855	-2.2167838486706746	0.04334406501860548	4.280499989298751	6.828999931710001
84	1376256	10	1.6	2.3323807579381204	6.0	0.0	10	2.6	2.3748684174075834	8.0	0.0	-0.01171485773738059	-2.2686856510858844	0.03547249353742146	4.333999989165	3.7979999620200005
88	1441792	10	1.2	1.8330302779823362	6.0	0.0	10	0.8	0.9797958971132713	2.0	0.0	-0.011564909513261931	-2.3518486964239584	0.03426914134016297	4.13149998967125	6.018999939810001
92	1507328	10	2.2	2.4413111231467406	6.0	0.0	10	2.8	2.2271057451320084	6.0	0.0	-0.01035255921925845	-2.401197592167274	0.033693056317261875	4.393749989015625	7.219999927800001
96	1572864	10	1.2	2.4	8.0	0.0	10	2.0	2.3664319132398464	6.0	0.0	-0.011256570477942134	-2.3944930729755947	0.041915679016285706	4.367499989081249	4.089999959100001
100	1638400	10	2.2	3.2802438933713454	10.0	0.0	10	2.0	2.0	6.0	0.0	-0.010828006424550502	-2.4103165738257366	0.03649841376665767	4.401999988995001	5.195999948040001
104	1703936	10	0.8	1.32664991614216	4.0	0.0	10	2.8	2.7129319932501073	8.0	0.0	-0.010740761020712399	-2.33996785904431	0.03623179908619654	4.23199998942	10.433999895660001
108	1769472	10	1.2	1.8330302779823362	6.0	0.0	10	2.4	2.65329983228432	8.0	0.0	-0.009921211248666045	-2.2719730682787955	0.0323007494798432	4.3299999891750005	8.599999914000001
112	1835008	10	1.2	1.32664991614216	4.0	0.0	10	2.4	2.8000000000000003	8.0	0.0	-0.010623330305058167	-2.2915330526825937	0.03487039776155707	4.310249989224375	2.9489999705100005
116	1900544	10	2.6	2.2	8.0	0.0	10	1.6	1.7435595774162695	4.0	0.0	-0.01021355264568248	-2.274872623147033	0.047053663773062145	4.219249989451876	1.7919999820800003
120	1966080	10	2.0	2.3664319132398464	6.0	0.0	10	3.2	2.85657137141714	8.0	0.0	-0.01145760619815919	-2.2307619152129567	0.03358840394880921	4.34349998914125	7.251999927480001
124	2031616	10	0.4	0.8000000000000002	2.0	0.0	10	1.6	1.4966629547095767	4.0	0.0	-0.011393677604575459	-2.228034871087843	0.03221424756003254	4.34649998913375	2.0699999793000003
128	2097152	10	2.2	2.08806130178211	6.0	0.0	10	1.6	2.3323807579381204	6.0	0.0	-0.011068309714330388	-2.258880538009742	0.03824225568279873	4.253749989365625	9.222999907770003
132	2162688	10	2.0	2.0	6.0	0.0	10	1.6	1.4966629547095764	4.0	0.0	-0.011768823592609582	-2.3502080438073105	0.02757996675503927	4.485749988785624	8.81099991189
136	2228224	10	1.0	1.8439088914585775	6.0	0.0	10	3.0	3.3763886032268267	12.0	0.0	-0.012297980866840724	-2.3033687718296787	0.029211776463842064	4.405749988985624	9.638999903610001
140	2293760	10	1.8	2.08806130178211	6.0	0.0	10	2.2	2.6000000000000005	8.0	0.0	-0.010799979616509867	-2.325067440426547	0.03579323534713741	4.310749989223125	5.953999940460001
144	2359296	10	1.8	1.886796226411321	6.0	0.0	10	2.8	2.4000000000000004	6.0	0.0	-0.011446405159727583	-2.300886685409878	0.03540327855560327	4.532749988668125	9.428999905710002
148	2424832	10	2.2	1.6613247725836149	4.0	0.0	10	2.4	2.4979991993593593	8.0	0.0	-0.012469338785411784	-2.292760578055766	0.027175233774160812	4.41449998896375	10.678999893210001
152	2490368	10	1.8	1.8867962264113207	6.0	0.0	10	3.4	4.651881339845202	16.0	0.0	-0.011078587489523192	-2.2972269776057384	0.03432669521262306	4.2897499892756255	7.969999920300001
156	2555904	10	2.0	5.366563145999495	18.0	0.0	10	1.8	2.2715633383201097	6.0	0.0	-0.01212069301856153	-2.2934651223416256	0.029577026994301498	4.1169999897075	10.45899989541
160	2621440	10	1.2	2.0396078054371136	6.0	0.0	10	3.2	2.4	8.0	0.0	-0.011234383790039493	-2.3149496985050635	0.03146772792545494	4.33249998916875	8.617999913820002
164	2686976	10	0.6	1.2806248474865698	4.0	0.0	10	2.8	1.6	6.0	0.0	-0.010706422839673086	-2.2787257803092977	0.03325301895425411	4.378749989053126	4.953999950460001
168	2752512	10	1.6	1.9595917942265426	6.0	0.0	10	1.6	1.9595917942265426	6.0	0.0	-0.010401022000959296	-2.276944711567208	0.03392388087266343	4.401999988995001	9.766999902330001
172	2818048	10	2.6	2.5377155080899043	8.0	0.0	10	1.6	2.4979991993593593	6.0	0.0	-0.010824968377552846	-2.3141717858685467	0.025429154355534472	4.3709999890725	10.020999899790002
176	2883584	10	0.8	1.6000000000000003	4.0	0.0	10	2.2	2.4413111231467406	6.0	0.0	-0.011154900890738404	-2.331584957495844	0.026875871677101263	4.40249998899375	8.198999918010001
180	2949120	10	1.0	1.3416407864998738	4.0	0.0	10	1.0	1.8439088914585775	6.0	0.0	-0.011448772162131787	-2.253175856931743	0.027037180782739017	4.137249989656875	8.04799991952
184	3014656	10	1.6	2.154065922853802	6.0	0.0	10	2.8	2.85657137141714	8.0	0.0	-0.010877695835692203	-2.3054702006362415	0.029813111834226913	4.27949998930125	6.208999937910001
188	3080192	10	2.4	2.1540659228538015	6.0	0.0	10	2.4	2.939387691339814	10.0	0.0	-0.010207141423504814	-2.243101392949416	0.028575372200121386	4.339749989150625	13.040999869590003
192	3145728	10	0.8	0.9797958971132713	2.0	0.0	10	2.0	2.3664319132398464	6.0	0.0	-0.011296399078406643	-2.18616749820189	0.030580687120010087	4.362249989094375	10.320999896790001
196	3211264	10	1.0	1.0	2.0	0.0	10	4.4	2.4979991993593593	8.0	0.0	-0.01096334965048088	-2.183082411459175	0.028530663477855017	4.456749988858125	6.987999930120002
200	3276800	10	2.0	2.3664319132398464	8.0	0.0	10	3.4	3.104834939252004	8.0	0.0	-0.011266867769678578	-2.2471484216693733	0.02767816245810835	4.4654999888362505	8.88099991119
204	3342336	10	1.6	1.7435595774162693	4.0	0.0	10	2.6	2.3748684174075834	6.0	0.0	-0.01200596695825115	-2.273221544684604	0.02297792465109064	4.4012499889968755	10.528999894710001
208	3407872	10	1.4	2.1999999999999997	6.0	0.0	10	2.2	1.6613247725836149	6.0	0.0	-0.010566617574528614	-2.2335289590217644	0.027861382741450415	4.347999989129999	6.889999931100001
212	3473408	10	1.6	2.154065922853802	6.0	0.0	10	2.4	2.3323807579381204	6.0	0.0	-0.010649737010784149	-2.2382831124119944	0.023367484194741637	4.51949998870125	6.491999935080001
216	3538944	10	1.0	1.61245154965971	4.0	0.0	10	2.8	2.4	6.0	0.0	-0.01007247886825981	-2.2044822571365468	0.024683463268204777	4.5289999886775	10.316999896830001
220	3604480	10	1.8	2.08806130178211	6.0	0.0	10	4.0	2.3664319132398464	8.0	0.0	-0.0111742893120392	-2.207761446404953	0.02590354174726587	4.637249988406875	10.248999897510002
224	3670016	10	1.6	2.8000000000000003	8.0	0.0	10	2.8	2.227105745132009	6.0	0.0	-0.009486026703216528	-2.195933840940137	0.02708595633845511	4.836999987907499	10.594999894050002
228	3735552	10	1.2	1.6	4.0	0.0	10	2.8	2.7129319932501073	10.0	0.0	-0.010742296994767146	-2.1545269958914135	0.025943632758779686	4.340249989149374	9.420999905790001
232	3801088	10	2.6	2.2	8.0	0.0	10	2.6	2.2	6.0	0.0	-0.010924187400404503	-2.240654788677941	0.020253747893560665	4.36449998908875	10.081999899180003
236	3866624	10	2.2	4.770744176750625	16.0	0.0	10	2.0	2.1908902300206643	6.0	0.0	-0.010788528987266269	-2.254966775341381	0.027823486653517925	4.47449998881375	4.231999957680001
240	3932160	10	3.0	3.492849839314596	10.0	0.0	10	2.2	2.08806130178211	6.0	0.0	-0.010740882274546025	-2.2468117522839752	0.030703329458583662	4.288749989278125	11.036999889630003
244	3997696	10	2.6	2.3748684174075834	6.0	0.0	10	3.4	2.537715508089904	8.0	0.0	-0.010183210449668292	-2.2746041812116804	0.031125425513075053	4.3189999892025	6.335999936640001
248	4063232	10	1.8	2.891366458960192	8.0	0.0	10	1.2	2.0396078054371136	6.0	0.0	-0.010429975020214225	-2.289574491242489	0.02404554007557272	4.740749988148125	3.7559999624400002
252	4128768	10	1.0	1.3416407864998738	4.0	0.0	10	3.4	2.1999999999999997	8.0	0.0	-0.010430723998802334	-2.268076712650234	0.03823045427357529	4.410249988974375	7.230999927690001
256	4194304	10	2.0	1.7888543819998317	4.0	0.0	10	3.0	2.7202941017470885	8.0	0.0	-0.01074280065716836	-2.3043653391384775	0.028398773591180315	4.57149998857125	11.331999886680002
260	4259840	10	2.0	2.0	6.0	0.0	10	1.8	1.661324772583615	4.0	0.0	-0.009734147081767446	-2.3171204077770633	0.030347889383111438	4.300749989248125	5.712999942870001
264	4325376	10	2.6	1.5620499351813308	6.0	0.0	10	2.8	2.039607805437114	6.0	0.0	-0.011075291247893667	-2.2794336450705766	0.02518305248163329	4.488749988778125	12.864999871350003
268	4390912	10	1.4	1.2806248474865698	4.0	0.0	10	2.6	1.8	6.0	0.0	-0.009694076137344727	-2.29928819066177	0.030194064773733587	4.454249988864375	5.940999940590001
272	4456448	10	1.6	2.3323807579381204	8.0	0.0	10	3.4	2.009975124224178	8.0	2.0	-0.01103263107149336	-2.264674727879496	0.03196216279230244	4.341249989146875	11.607999883920002
276	4521984	10	2.2	3.026549190084311	10.0	0.0	10	3.0	2.569046515733026	8.0	0.0	-0.009205965789938653	-2.2448978148545873	0.022952790476396777	4.4749999888125	6.729999932700001
280	4587520	10	2.2	2.2715633383201093	6.0	0.0	10	2.6	1.2806248474865698	4.0	0.0	-0.011406327470492158	-2.2584008348615856	0.022821355686318878	4.239749989400625	9.630999903690002
284	4653056	10	1.2	1.8330302779823358	4.0	0.0	10	2.6	2.3748684174075834	6.0	0.0	-0.010472204527832757	-2.2629320047922077	0.026720088903802824	4.3289999891775	9.432999905670002
288	4718592	10	2.6	1.5620499351813308	6.0	0.0	10	3.4	3.4698703145794947	12.0	0.0	-0.010092053501931148	-2.3002943791536454	0.025516163632720145	4.388749989028125	8.108999918910001
292	4784128	10	1.4	1.562049935181331	4.0	0.0	10	2.2	2.2715633383201097	6.0	0.0	-0.010174846792174001	-2.2274637940192554	0.024917208800445984	4.3214999891962504	7.495999925040001
296	4849664	10	3.2	1.6	6.0	0.0	10	3.0	2.04939015319192	6.0	0.0	-0.010036521956423856	-2.263195874554601	0.02594758477761827	4.088749989778125	13.010999869890002
300	4915200	10	1.2	1.6	4.0	0.0	10	2.6	2.3748684174075834	8.0	0.0	-0.010841891202373138	-2.2654813848559527	0.020361299682615908	4.144999989637499	10.006999899930001
304	4980736	10	1.6	1.7435595774162695	4.0	0.0	10	3.8	2.08806130178211	8.0	2.0	-0.009660659575177796	-2.275751948119571	0.023949860534464244	4.27349998931625	11.703999882960003
308	5046272	10	1.6	1.9595917942265426	6.0	0.0	10	3.6	5.2	18.0	0.0	-0.01023744569722792	-2.2712100294846755	0.026062096010429477	4.460249988849374	11.389999886100002
312	5111808	10	2.0	2.0	6.0	0.0	10	2.6	2.009975124224178	6.0	0.0	-0.010101950985860031	-2.290039784967772	0.031324799421550434	4.36849998907875	12.797999872020002
316	5177344	10	1.4	1.562049935181331	4.0	0.0	10	2.6	2.009975124224178	6.0	0.0	-0.010334224639169765	-2.277730333071115	0.034159858106026376	4.274999989312501	10.163999898360002
320	5242880	10	2.6	1.8	6.0	0.0	10	1.6	1.7435595774162693	4.0	0.0	-0.010125179664865152	-2.3007362631546955	0.030814963971780057	4.22649998943375	12.060999879390002
324	5308416	10	1.4	2.009975124224178	6.0	0.0	10	3.2	2.4	6.0	0.0	-0.010512969042001037	-2.3392514757858827	0.017736271293538525	4.221749989445625	7.073999929260001
328	5373952	10	1.8	1.8867962264113207	6.0	0.0	10	4.0	3.5777087639996634	10.0	0.0	-0.010438940104726863	-2.3414436725323218	0.025844530607209853	4.452749988868125	11.638999883610001
332	5439488	10	1.8	1.661324772583615	4.0	0.0	10	4.2	2.2715633383201093	8.0	0.0	-0.010230472477658875	-2.358145000788302	0.023111179342491916	4.276999989307499	11.102999888970002
336	5505024	10	2.2	2.6	6.0	0.0	10	4.6	2.3748684174075834	8.0	2.0	-0.009973384053280573	-2.307166484254674	0.023998690194201148	4.23199998942	11.940999880590002
340	5570560	10	2.2	2.4413111231467406	8.0	0.0	10	2.0	2.1908902300206643	6.0	0.0	-0.009698546951363704	-2.32383364414804	0.02045128209070541	4.362249989094375	10.528999894710001
344	5636096	10	1.0	1.61245154965971	4.0	0.0	10	3.0	2.04939015319192	8.0	0.0	-0.010075255925445213	-2.282528348029315	0.02000854841302653	4.20649998948375	8.477999915220002
348	5701632	10	1.6	1.4966629547095767	4.0	0.0	10	2.6	2.973213749463701	10.0	0.0	-0.010274404030639362	-2.2594010181855007	0.02497489759826406	4.541249988646875	10.052999899470002
352	5767168	10	1.8	2.08806130178211	6.0	0.0	10	2.2	2.2715633383201093	6.0	0.0	-0.010517564424052335	-2.2781246823679617	0.02414419687062767	4.316249989209375	9.87599990124
356	5832704	10	2.0	1.5491933384829668	4.0	0.0	10	2.2	2.6	8.0	0.0	-0.010320882852724563	-2.252552131577137	0.027062488940131333	4.477749988805625	5.848999941510002
360	5898240	10	1.2	1.32664991614216	4.0	0.0	10	2.6	2.6907248094147422	8.0	0.0	-0.00986607516236898	-2.2663414922976064	0.023151359295311598	4.447249988881874	4.951999950480001
364	5963776	10	1.2	1.32664991614216	4.0	0.0	10	3.6	2.939387691339814	10.0	0.0	-0.009483303102491712	-2.291280850529414	0.028220934557582754	4.359499989101249	9.709999902900002
368	6029312	10	0.8	1.32664991614216	4.0	0.0	10	2.0	1.5491933384829668	4.0	0.0	-0.010107966911323858	-2.2572801831000118	0.03013049112319011	4.286749989283125	2.2289999777100005
372	6094848	10	1.2	0.9797958971132713	2.0	0.0	10	2.4	2.4979991993593593	6.0	0.0	-0.010582562418483533	-2.290951390822506	0.02111521696762334	4.103249989741875	11.89899988101
376	6160384	10	3.2	3.370459909270544	10.0	0.0	10	2.6	2.3748684174075834	8.0	0.0	-0.010472580081235612	-2.2903877320486656	0.024968059119728735	4.276749989308126	10.018999899810002
380	6225920	10	2.8	1.6	4.0	0.0	10	4.4	5.9194594347794975	18.0	0.0	-0.0106890771361963	-2.2470126323544815	0.02995745426042252	4.379249989051875	10.325999896740003
384	6291456	10	1.8	2.08806130178211	6.0	0.0	10	6.0	4.979959839195493	20.0	2.0	-0.01107400639138935	-2.2674961286408064	0.027382069710738987	4.414249988964375	6.712999932870001
388	6356992	10	2.2	2.2715633383201093	6.0	0.0	10	3.6	2.65329983228432	8.0	0.0	-0.009879243224412226	-2.293430320679661	0.03056882653299806	4.403249988991875	6.672999933270001
392	6422528	10	2.4	2.1540659228538015	6.0	0.0	10	3.0	2.04939015319192	6.0	0.0	-0.01021957292580694	-2.2934218245342546	0.024113443978335355	4.290749989273126	10.946999890530002
396	6488064	10	2.6	2.3748684174075834	6.0	0.0	10	2.4	2.4979991993593593	8.0	0.0	-0.009844950367738208	-2.3236398148103046	0.02307172045647428	4.2849999892875	7.521999924780001
400	6553600	10	1.8	2.4413111231467406	6.0	0.0	10	2.2	1.8867962264113207	6.0	0.0	-0.009843822012231516	-2.276155752203194	0.04043779859363763	4.44949998887625	7.840999921590002
404	6619136	10	2.0	2.9664793948382653	10.0	0.0	10	5.0	6.016643582596529	22.0	0.0	-0.010846409938274276	-2.256605550411719	0.027465504183832586	4.25749998935625	10.70299989297
408	6684672	10	2.0	2.1908902300206643	6.0	0.0	10	3.4	2.690724809414742	10.0	0.0	-0.011040703748890773	-2.277255611877851	0.03020861178011437	4.307749989230626	7.7469999225300015
412	6750208	10	2.8	2.0396078054371136	6.0	0.0	10	2.6	3.583294573433784	12.0	0.0	-0.010291926532610195	-2.282763458550607	0.022694519592490973	4.30649998923375	7.7869999221300015
416	6815744	10	1.6	1.9595917942265424	4.0	0.0	10	2.6	2.009975124224178	6.0	0.0	-0.009893156708312967	-2.26609458005665	0.033126870477225775	4.324249989189375	7.3709999262900014
420	6881280	10	2.4	1.7435595774162695	4.0	0.0	10	2.8	2.4	6.0	0.0	-0.00975372873552522	-2.2664503676318577	0.03313673553099891	4.5369999886575	8.649999913500002
424	6946816	10	2.8	4.66476151587624	16.0	0.0	10	3.4	2.0099751242241783	6.0	0.0	-0.01016053188884109	-2.2849191424850708	0.03022908591738492	4.079749989800625	9.627999903720001
428	7012352	10	1.6	1.7435595774162695	6.0	0.0	10	4.4	1.7435595774162693	8.0	2.0	-0.010377275518729339	-2.3050737726274084	0.031293566510081174	4.31849998920375	13.698999863010002
432	7077888	10	1.2	1.32664991614216	4.0	0.0	10	4.4	4.715930449020639	16.0	0.0	-0.01066180420346325	-2.238615383471314	0.028196769220300864	4.36949998907625	6.340999936590001
436	7143424	10	4.4	4.8	18.0	0.0	10	5.0	4.753945729601885	18.0	0.0	-0.01014085951844379	-2.299934123713607	0.023648358626776972	4.89249998776875	10.980999890190002
440	7208960	10	3.0	6.587867636800241	22.0	0.0	10	2.8	2.5612496949731396	8.0	0.0	-0.009468473706494677	-2.277396666269697	0.026554341153580022	4.7389999881525	11.597999884020002
444	7274496	10	2.4	1.9595917942265426	6.0	0.0	10	2.4	2.4979991993593593	8.0	0.0	-0.011017606254795094	-2.273406239610529	0.02328487545552567	4.2889999892774995	7.9469999205300015
448	7340032	10	2.0	2.1908902300206643	6.0	0.0	10	2.6	1.8	6.0	0.0	-0.010624575827735626	-2.2476810736102992	0.024449455044789896	4.4849999887875	10.352999896470001
452	7405568	10	3.0	2.04939015319192	6.0	0.0	10	4.8	5.455272678794342	20.0	0.0	-0.010160460926426486	-2.2339464696901574	0.02353913895540609	4.316499989208751	11.031999889680002
456	7471104	10	1.8	2.2715633383201093	6.0	0.0	10	3.8	2.0880613017821097	8.0	0.0	-0.010708507333620394	-2.2399650909156823	0.030169359812629977	4.255499989361249	8.863999911360002
460	7536640	10	2.0	2.0	6.0	0.0	10	2.6	1.8	4.0	0.0	-0.011025215313630349	-2.235145042107133	0.02817837237863022	4.367999989079999	7.885999921140002
464	7602176	10	1.4	1.2806248474865698	4.0	0.0	10	5.2	5.946427498927402	22.0	2.0	-0.009874220730309765	-2.2224257288048284	0.03565458621225515	4.363249989091875	12.890999871090003
468	7667712	10	3.6	3.4409301068170506	12.0	0.0	10	3.6	2.33238075793812	6.0	0.0	-0.010275962526208242	-2.205624341734969	0.030029284279614637	4.160749989598125	10.658999893410002
472	7733248	10	2.2	2.08806130178211	6.0	0.0	10	4.8	2.227105745132009	8.0	0.0	-0.010076090985887846	-2.2248344170716496	0.02747082552819274	4.374249989064375	12.731999872680001
476	7798784	10	0.6	1.2806248474865698	4.0	0.0	10	5.6	5.425863986500215	20.0	0.0	-0.01044454811090305	-2.2179455109113766	0.03534149176383433	4.336749989158125	5.171999948280001
480	7864320	10	2.6	2.6907248094147422	8.0	0.0	10	4.8	5.455272678794342	18.0	0.0	-0.010083356029564852	-2.2451771520222983	0.03542640816516952	4.121499989696249	9.741999902580002
484	7929856	10	0.4	0.8000000000000002	2.0	0.0	10	3.8	2.08806130178211	8.0	0.0	-0.010132330742792739	-2.2749231604352165	0.02235245078685686	4.42799998893	7.472999925270001
488	7995392	10	2.0	2.0	6.0	0.0	10	3.4	1.8	6.0	0.0	-0.009324771166816702	-2.2696904438356613	0.02684610472557195	4.39049998902375	11.68399988316
492	8060928	10	1.0	1.3416407864998738	4.0	0.0	10	2.0	2.3664319132398464	8.0	0.0	-0.01001069723635748	-2.244420702024952	0.032369357996042396	4.429749988925625	6.047999939520001
496	8126464	10	1.6	2.3323807579381204	6.0	0.0	10	4.0	3.8987177379235853	12.0	0.0	-0.009444539570041913	-2.27073995248665	0.028259245345995377	4.454749988863126	11.599999884
500	8192000	10	1.6	1.2000000000000002	4.0	0.0	10	1.8	1.8867962264113207	6.0	0.0	-0.010738774255002434	-2.2204998431276914	0.026948942053040933	4.4482499888793745	11.209999887900002
504	8257536	10	1.8	2.08806130178211	6.0	0.0	10	4.6	2.5377155080899043	10.0	0.0	-0.010630109722220222	-2.1981796073610624	0.02564394050786747	4.523749988690625	5.776999942230001
508	8323072	10	2.2	1.6613247725836149	6.0	0.0	10	4.4	3.2	10.0	0.0	-0.00965437621582859	-2.216021761067344	0.026840129495751715	4.46849998882875	9.77599990224
512	8388608	10	1.0	1.8439088914585775	6.0	0.0	10	3.4	2.537715508089904	8.0	0.0	-0.009957171720870591	-2.224528543419382	0.024531311372378423	4.749249988126875	10.600999893990002
516	8454144	10	1.8	1.8867962264113207	6.0	0.0	10	2.8	1.6	6.0	0.0	-0.01061447670883138	-2.259724274042299	0.02103702282352719	4.6472499883818745	9.591999904080001
520	8519680	10	1.2	1.32664991614216	4.0	0.0	10	2.6	2.5377155080899043	8.0	0.0	-0.010165951982497973	-2.2119392228802655	0.024305922073729423	4.223749989440625	10.416999895830001
524	8585216	10	2.4	1.7435595774162693	6.0	0.0	10	4.2	4.237924020083418	16.0	0.0	-0.009964306894767495	-2.1871496387031284	0.025980922371391903	4.328749989178125	9.558999904410001
528	8650752	10	2.4	2.65329983228432	8.0	0.0	10	3.2	5.455272678794342	18.0	0.0	-0.0099162845025278	-2.2174387422874418	0.02277851466356677	4.543249988641875	8.74499991255
532	8716288	10	2.4	2.65329983228432	6.0	0.0	10	3.4	2.9732137494637008	8.0	0.0	-0.009320966993011503	-2.2282031970881975	0.029291570261174	4.6969999882575	11.613999883860002
536	8781824	10	4.2	2.2715633383201093	8.0	2.0	10	3.2	1.6	6.0	0.0	-0.009102480892540798	-2.214415631957652	0.02276176240174485	4.41199998897	10.071999899280002
540	8847360	10	1.8	2.2715633383201097	6.0	0.0	10	3.2	2.039607805437114	6.0	0.0	-0.009495945568759517	-2.2179923527115846	0.023324509207057947	4.18549998953625	12.062999879370002
544	8912896	10	2.6	2.6907248094147422	8.0	0.0	10	7.2	5.3814496188294845	18.0	0.0	-0.008214099407019499	-2.2285485116306143	0.0228977532606624	4.474249988814375	6.921999930780001
548	8978432	10	2.2	2.08806130178211	6.0	0.0	10	3.8	2.4413111231467406	8.0	0.0	-0.009695787505633704	-2.176453739177964	0.030819021394991267	4.277749989305625	11.696999883030001
552	9043968	10	3.2	4.915282290977803	16.0	0.0	10	3.4	1.8	6.0	0.0	-0.01098439689310477	-2.1315008474156216	0.027197274929571927	4.09249998976875	10.721999892780001
556	9109504	10	1.8	1.886796226411321	4.0	0.0	10	3.4	1.8000000000000003	6.0	0.0	-0.009634936110975547	-2.1752877903698926	0.030090195375930332	4.430749988923125	7.214999927850001
560	9175040	10	2.2	1.661324772583615	6.0	0.0	10	3.2	2.4	8.0	0.0	-0.010098899810609522	-2.18936353402379	0.026897793943364976	4.34449998913875	10.339999896600002
564	9240576	10	3.0	2.4083189157584592	6.0	0.0	10	2.6	2.5377155080899043	8.0	0.0	-0.00988378437996409	-2.214504127470446	0.031636295933861476	4.195249989511875	10.814999891850002
568	9306112	10	0.8	1.32664991614216	4.0	0.0	10	3.0	2.23606797749979	8.0	0.0	-0.009329039738317856	-2.2041000224837495	0.03593090591422704	4.387749989030625	7.365999926340001
572	9371648	10	2.2	3.1559467676119	10.0	0.0	10	5.8	6.539113089708726	22.0	0.0	-0.009668250261613748	-2.2217131552766127	0.030063538207490102	4.48449998878875	10.60699989393
576	9437184	10	4.8	4.833218389437828	18.0	0.0	10	2.6	2.009975124224178	6.0	0.0	-0.010358404786663377	-2.2667561816794803	0.025682896159552736	4.378249989054376	7.769999922300001
580	9502720	10	3.2	2.4	8.0	0.0	10	3.0	2.4083189157584592	6.0	0.0	-0.00879950986229733	-2.271180433295021	0.03351948087841047	4.394749989013126	12.596999874030002
584	9568256	10	2.4	1.9595917942265424	6.0	0.0	10	6.0	4.8166378315169185	18.0	0.0	-0.00929728940197355	-2.291573526719919	0.032829563479244775	4.38649998903375	11.220999887790002
588	9633792	10	0.8	1.32664991614216	4.0	0.0	10	2.6	2.973213749463701	10.0	0.0	-0.010148541462365449	-2.292739609638441	0.029270973713192556	4.3772499890568755	9.411999905880002
592	9699328	10	2.8	2.5612496949731396	8.0	0.0	10	2.6	2.2	6.0	0.0	-0.00967341647043099	-2.313087286807552	0.03295350778737498	4.3214999891962504	8.93299991067
596	9764864	10	2.2	2.08806130178211	6.0	0.0	10	3.2	2.0396078054371136	6.0	0.0	-0.009351509328791764	-2.3149222530496743	0.03391625541685136	4.350499989123749	7.637999923620001
600	9830400	10	2.8	2.039607805437114	6.0	0.0	10	6.0	5.727128425310541	22.0	0.0	-0.009989342660921977	-2.2963224050990867	0.03560801614481084	4.3534999891162505	9.742999902570002
604	9895936	10	2.8	2.7129319932501077	8.0	0.0	10	4.0	3.4641016151377544	12.0	0.0	-0.008927763868066431	-2.2943578037216454	0.026730417523387433	4.250999989372501	11.491999885080002
608	9961472	10	1.0	1.61245154965971	4.0	0.0	10	4.4	2.3323807579381204	10.0	2.0	-0.009828625143995216	-2.303059614954895	0.030365860183509345	4.533249988666875	6.799999932000001
612	10027008	10	2.4	2.65329983228432	6.0	0.0	10	3.6	2.3323807579381204	8.0	0.0	-0.01003024164570089	-2.30211508250098	0.03053201682314747	4.282749989293126	10.253999897460002
616	10092544	10	4.0	5.585696017507576	18.0	0.0	10	5.2	4.019950248448356	16.0	0.0	-0.009901232638063435	-2.3146010610037013	0.029656101519567598	4.362999989092501	13.127999868720002
620	10158080	10	1.8	1.4000000000000001	4.0	0.0	10	4.8	6.209669878504009	22.0	0.0	-0.010372787824488701	-2.3303799452937066	0.03393909792683147	4.116499989708751	7.949999920500002
624	10223616	10	2.2	2.4413111231467406	8.0	0.0	10	4.0	2.5298221281347035	8.0	0.0	-0.01059003983038604	-2.341920882219505	0.03174319602024392	4.216749989458124	10.454999895450001
628	10289152	10	1.8	2.08806130178211	6.0	0.0	10	3.6	2.9393876913398143	10.0	0.0	-0.009858661662478148	-2.358382557583556	0.028631665178230903	4.3509999891225	8.607999913920002
632	10354688	10	2.0	1.5491933384829668	4.0	0.0	10	6.8	6.99714227381436	22.0	0.0	-0.010018625523588714	-2.333064014469942	0.03732092497714397	4.1224999896937495	11.677999883220002
636	10420224	10	2.8	2.039607805437114	6.0	0.0	10	3.6	2.65329983228432	8.0	0.0	-0.00959396402707581	-2.3357276690553435	0.04119185596508231	4.209999989475001	11.408999885910003
640	10485760	10	3.0	4.753945729601885	16.0	0.0	10	5.4	5.868560300448485	22.0	0.0	-0.009926053975683751	-2.3511913639838093	0.04088062470508203	4.302249989244375	3.409999965900001
644	10551296	10	1.2	1.6	4.0	0.0	10	3.6	2.8000000000000003	8.0	0.0	-0.010182213582842273	-2.3197679492401626	0.0445508751583755	4.373999989065001	2.00899997991
648	10616832	10	3.6	2.65329983228432	8.0	0.0	10	3.8	2.2715633383201097	6.0	0.0	-0.009811789994464165	-2.362284222992556	0.039013678223332134	4.123999989690001	7.979999920200002
652	10682368	10	3.2	3.487119154832539	8.0	0.0	10	3.4	2.835489375751565	8.0	0.0	-0.008957375223242182	-2.3538410636317546	0.045299975856455614	4.5409999886475	7.752999922470002
656	10747904	10	3.0	4.753945729601885	16.0	0.0	10	3.6	1.7435595774162693	6.0	2.0	-0.009218917217619917	-2.346064162506657	0.03585312629598804	4.471749988820625	12.001999879980003
660	10813440	10	2.4	2.1540659228538015	6.0	0.0	10	3.8	2.08806130178211	6.0	0.0	-0.009822986234401726	-2.303640829780147	0.040054093906364115	4.468749988828125	11.409999885900001
664	10878976	10	2.0	2.1908902300206643	6.0	0.0	10	3.0	2.569046515733026	8.0	0.0	-0.009158979144817142	-2.321009556210661	0.03897462660661659	4.353249989116875	12.07499987925
668	10944512	10	2.2	1.8867962264113207	4.0	0.0	10	2.4	2.33238075793812	8.0	0.0	-0.009500736134437093	-2.304941909768491	0.033335326255396786	4.2102499894743755	10.621999893780002
672	11010048	10	2.4	2.65329983228432	6.0	0.0	10	5.4	6.514598989960933	22.0	0.0	-0.00845177088834316	-2.2867540590566557	0.04147927167703765	4.104749989738125	7.195999928040001
676	11075584	10	2.0	1.7888543819998317	4.0	0.0	10	3.8	2.2715633383201093	8.0	0.0	-0.009495965815324237	-2.2531936340170455	0.041700129237649264	4.529249988676875	10.351999896480002
680	11141120	10	2.4	2.33238075793812	6.0	0.0	10	2.2	2.6	8.0	0.0	-0.009945311005316645	-2.3015554818100377	0.03736502476966703	4.291749989270626	7.812999921870001
684	11206656	10	2.0	1.7888543819998317	4.0	0.0	10	4.2	2.2715633383201093	8.0	2.0	-0.009330633318554347	-2.2622237749524796	0.039475626676732725	4.306749989233126	12.772999872270002
688	11272192	10	2.8	2.039607805437114	6.0	0.0	10	3.8	4.935585071701226	18.0	0.0	-0.010018735907141668	-2.260015633963565	0.04147569528193618	4.140749989648126	7.6909999230900015
692	11337728	10	3.0	2.4083189157584592	8.0	0.0	10	2.2	2.08806130178211	6.0	0.0	-0.009655426668869774	-2.2707379060605124	0.040330850747869414	4.554249988614375	6.927999930720001
696	11403264	10	2.4	5.276362383309167	18.0	0.0	10	3.4	4.476605857119878	16.0	0.0	-0.00956021280723845	-2.2755235182855467	0.038315619085804685	4.341749989145625	11.681999883180001
700	11468800	10	3.2	4.019950248448357	12.0	0.0	10	7.4	7.213875518748574	22.0	0.0	-0.008849851318081834	-2.2823147200154086	0.034731947774485336	4.17749998955625	11.302999886970003
704	11534336	10	3.8	5.095095681142799	18.0	0.0	10	7.0	6.526867548832288	18.0	0.0	-0.008269312000010869	-2.242709395552511	0.054715690643570215	4.261749989345625	4.993999950060001
708	11599872	10	1.8	1.8867962264113207	6.0	0.0	10	3.2	1.6	6.0	0.0	-0.008396373034919035	-2.1915148544015515	0.043101907315209936	4.293749989265624	7.645999923540002
712	11665408	10	4.6	4.983974317750844	18.0	0.0	10	3.0	2.4083189157584592	6.0	0.0	-0.008349358287623903	-2.2165147560512835	0.0474158109620803	4.392249989019375	4.196999958030001
716	11730944	10	2.4	2.33238075793812	8.0	0.0	10	4.2	6.095900261651268	22.0	0.0	-0.009537298270128608	-2.188076453676386	0.044181088795939856	4.200749989498125	12.919999870800002
720	11796480	10	3.0	2.7202941017470885	6.0	0.0	10	3.4	2.009975124224178	6.0	0.0	-0.009020210385915767	-2.2310468403161146	0.04273131272000004	4.407749988980625	9.66799990332
724	11862016	10	1.8	2.4413111231467406	6.0	0.0	10	4.4	2.4979991993593593	10.0	2.0	-0.00883516722053302	-2.233897534276802	0.0412396562514399	4.124249989689375	13.145999868540002
728	11927552	10	4.0	5.291502622129181	18.0	0.0	10	5.0	4.753945729601885	16.0	0.0	-0.009606200021971541	-2.204780640471788	0.053823394113201604	4.36749998908125	10.135999898640002
732	11993088	10	3.2	6.462197768561405	22.0	0.0	10	4.4	4.963869458396342	18.0	0.0	-0.009247797319652964	-2.2211823932996313	0.037764943899378234	4.222749989443125	12.01099987989
736	12058624	10	2.8	2.9933259094191533	10.0	0.0	10	2.6	2.009975124224178	6.0	0.0	-0.0089244632560117	-2.161019036942125	0.046278999065816194	4.437249988906876	9.87799990122
740	12124160	10	2.2	2.4413111231467406	6.0	0.0	10	3.8	3.2802438933713454	8.0	0.0	-0.008666067207445049	-2.1827445872337843	0.04820551592742556	4.196749989508125	12.229999877700003
744	12189696	10	2.6	3.4698703145794947	10.0	0.0	10	6.2	5.758472019555188	22.0	0.0	-0.008976134152943457	-2.2203785774779083	0.051042195598245	4.363749989090625	6.361999936380001
748	12255232	10	4.4	5.122499389946279	16.0	0.0	10	2.8	2.039607805437114	6.0	0.0	-0.00847265865167744	-2.2498307697614908	0.04154320281963187	4.227499989431249	4.5579999544200005
752	12320768	10	4.2	5.095095681142799	18.0	0.0	10	2.6	2.2	8.0	0.0	-0.008101677591553587	-2.2034436511684974	0.048919308770319254	4.297749989255625	9.832999901670002
756	12386304	10	2.6	2.690724809414742	6.0	0.0	10	7.0	6.276941930590086	18.0	2.0	-0.008909707005216552	-2.168054662419024	0.055314153330071406	4.321749989195625	12.882999871170002
760	12451840	10	2.6	2.8354893757515653	10.0	0.0	10	7.4	6.26418390534633	18.0	2.0	-0.010311573238279673	-2.198469186593566	0.04660557764872963	4.404749988988125	10.763999892360001
764	12517376	10	2.6	2.973213749463701	8.0	0.0	10	3.0	2.4083189157584592	6.0	0.0	-0.008481209672356235	-2.1935035360554798	0.05557879110374514	4.196749989508125	12.25099987749
768	12582912	10	2.4	2.4979991993593593	8.0	0.0	10	4.6	4.476605857119878	16.0	0.0	-0.008922359449247566	-2.216892222332499	0.05621331607492576	4.2979999892550005	9.977999900220002
772	12648448	10	8.2	7.6131465242697125	22.0	0.0	10	1.8	1.4000000000000001	4.0	0.0	-0.009873241408242871	-2.259296685221886	0.0452144581893858	4.310749989223126	8.51099991489
776	12713984	10	3.8	2.08806130178211	6.0	0.0	10	4.0	4.898979485566356	18.0	0.0	-0.00963626176862484	-2.255045259757381	0.047345917899817645	4.247499989381249	11.957999880420003
780	12779520	10	3.4	2.835489375751565	8.0	0.0	10	2.2	3.1559467676119	10.0	0.0	-0.00870334339227749	-2.2866575218838716	0.041774461837014436	4.307249989231875	10.721999892780001
784	12845056	10	3.0	2.7202941017470885	8.0	0.0	10	5.0	5.157518783291051	20.0	2.0	-0.009154626960436415	-2.266734142862077	0.048417998453370484	4.678749988303125	7.771999922280002
788	12910592	10	3.8	4.853864439804639	16.0	0.0	10	6.6	5.730619512757761	18.0	0.0	-0.00993081495731767	-2.264666822813483	0.05576941180238093	4.28849998927875	9.866999901330002
792	12976128	10	5.8	6.4156059729381765	20.0	0.0	10	2.8	2.039607805437114	6.0	0.0	-0.00913043197605257	-2.265730954470655	0.05423562105878614	4.33249998916875	12.345999876540002
796	13041664	10	4.0	2.3664319132398464	8.0	0.0	10	1.4	2.009975124224178	6.0	0.0	-0.010284548908041037	-2.297374364991091	0.05836434223236397	4.292749989268125	9.072999909270003
800	13107200	10	3.4	4.82078831727758	16.0	0.0	10	3.2	4.4	16.0	0.0	-0.010281850822886912	-2.2952175137990007	0.05558990457602687	4.425999988935001	8.193999918060003
804	13172736	10	2.4	1.9595917942265426	6.0	0.0	10	5.0	5.385164807134504	18.0	0.0	-0.00965624516680756	-2.212614267834018	0.06853387756335358	4.508249988729375	9.203999907960002
808	13238272	10	4.0	6.260990336999411	22.0	0.0	10	5.8	4.237924020083418	16.0	0.0	-0.009225287073553232	-2.1942052391866054	0.06620702255448468	4.292749989268125	7.281999927180001
812	13303808	10	3.4	2.3748684174075834	8.0	0.0	10	6.0	6.0	22.0	0.0	-0.009998263365731152	-2.1692854610806047	0.06015972187115927	4.664749988338125	11.634999883650002
816	13369344	10	2.8	2.9933259094191533	10.0	0.0	10	4.8	4.749736834815167	16.0	0.0	-0.008821532226335253	-2.25247502303502	0.04571335510029803	4.1704999895737505	12.242999877570002
820	13434880	10	4.4	4.8	16.0	0.0	10	10.0	7.211102550927978	22.0	2.0	-0.009205883008943564	-2.230969821180965	0.052827628905969974	4.3299999891750005	10.434999895650002
824	13500416	10	5.0	4.753945729601885	16.0	0.0	10	6.4	7.08801805866774	22.0	0.0	-0.00993016417626617	-2.2161346770998054	0.06257274171927449	4.30249998924375	10.311999896880002
828	13565952	10	1.2	2.039607805437114	6.0	0.0	10	6.0	4.381780460041329	16.0	0.0	-0.007420772460273001	-2.186463845045102	0.05370331834442297	4.235749989410626	11.106999888930002
832	13631488	10	3.6	2.65329983228432	8.0	0.0	10	3.8	2.891366458960192	10.0	0.0	-0.008477693403343159	-2.214559020864751	0.05848970228662531	4.23849998940375	4.459999955400001
836	13697024	10	5.8	7.291090453423274	22.0	0.0	10	1.6	1.7435595774162693	4.0	0.0	-0.008423348606540385	-2.1758898419855446	0.06256052583270028	4.38449998903875	12.465999875340001
840	13762560	10	3.8	5.095095681142799	18.0	0.0	10	5.2	6.20966987850401	18.0	0.0	-0.00940466388079239	-2.246607951585875	0.048246926254378944	4.310499989223749	9.83799990162
844	13828096	10	2.0	3.3466401061363023	10.0	0.0	10	6.0	4.47213595499958	18.0	2.0	-0.008896466384898665	-2.259628236058415	0.05684520214359149	4.465749988835625	9.414999905850001
848	13893632	10	5.6	5.642694391866353	16.0	0.0	10	8.8	6.584831053261731	20.0	4.0	-0.00887056376721742	-2.2613545678683913	0.058584693037079714	4.17849998955375	8.877999911220002
852	13959168	10	6.2	6.896375859826668	20.0	0.0	10	7.0	5.674504383644443	18.0	0.0	-0.009906928197050245	-2.2433431493885996	0.05248173853456665	4.254749989363125	8.185999918140002
856	14024704	10	4.0	6.0	20.0	0.0	10	3.2	2.4	8.0	0.0	-0.008601985305796424	-2.2707656222203303	0.0625445916019422	4.280749989298125	4.92199995078
860	14090240	10	4.8	6.584831053261731	22.0	0.0	10	8.2	6.660330322138685	20.0	0.0	-0.009967442215255145	-2.2681053899349486	0.05332812029933744	4.065749989835624	12.960999870390003
864	14155776	10	2.2	2.2715633383201093	8.0	0.0	10	6.4	7.031358332498778	22.0	0.0	-0.008883823923481499	-2.264708084128825	0.0507326049987776	4.056249989859375	9.638999903610001
868	14221312	10	4.2	5.095095681142799	18.0	0.0	10	5.2	4.214261501141095	16.0	0.0	-0.008803253708712638	-2.245040339494338	0.06548419070213633	4.468499988828751	4.512999954870001
872	14286848	10	1.4	1.562049935181331	4.0	0.0	10	7.6	7.2	20.0	0.0	-0.008974923962316169	-2.226190338300235	0.06420466559270287	4.229749989425625	9.686999903130001
876	14352384	10	2.8	4.66476151587624	16.0	0.0	10	3.0	5.2345009313209605	18.0	0.0	-0.008870203786789176	-2.2526713135478795	0.05898480597889919	4.1392499896518755	3.5979999640200004
880	14417920	10	2.4	2.8	8.0	0.0	10	9.0	6.826419266350405	20.0	0.0	-0.009899447628594793	-2.2192426694108005	0.062367071119470235	4.40849998897875	6.071999939280001
884	14483456	10	1.4	1.562049935181331	4.0	0.0	10	3.2	2.227105745132009	6.0	0.0	-0.009584604516538928	-2.241921774809477	0.05456622532233304	4.069749989825625	9.921999900780003
888	14548992	10	2.4	2.8	8.0	0.0	10	5.8	6.029925372672534	18.0	0.0	-0.008865020548593141	-2.1990725594455105	0.05254762789928911	4.189749989525625	11.557999884420001
892	14614528	10	2.0	2.0	6.0	0.0	10	5.2	4.578209256903839	18.0	0.0	-0.01000895230771401	-2.1952876073815495	0.06637641127150747	4.473749988815625	11.560999884390002
896	14680064	10	2.4	3.2	10.0	0.0	10	5.8	5.688585061331157	22.0	0.0	-0.009774054637285996	-2.211077059078367	0.05231512519762104	4.327499989181249	10.73099989269
900	14745600	10	2.8	2.85657137141714	10.0	0.0	10	6.2	7.665507158694721	22.0	0.0	-0.008761167668426328	-2.2286786484383603	0.04862695796063899	4.3569999891075	6.278999937210001
904	14811136	10	3.6	4.454211490264018	16.0	0.0	10	4.4	5.499090833947008	20.0	0.0	-0.00947546571379894	-2.1681778354174392	0.05516542784760692	4.216749989458125	7.344999926550001
908	14876672	10	2.2	2.4413111231467406	6.0	0.0	10	3.8	2.08806130178211	6.0	0.0	-0.009230866852651858	-2.184060528646891	0.06072525372872253	4.189749989525625	12.366999876330002
912	14942208	10	6.8	7.756287771866127	22.0	0.0	10	6.4	2.8	12.0	2.0	-0.00878831209562133	-2.24493484424015	0.049385916087288664	4.239249989401875	11.907999880920002
916	15007744	10	2.6	2.8354893757515653	10.0	0.0	10	8.4	6.3118935352238	18.0	0.0	-0.009656674945497188	-2.170273164682021	0.05329873695569606	4.140749989648126	5.83399994166
920	15073280	10	3.4	5.219195340279955	18.0	0.0	10	5.2	5.30659966456864	18.0	0.0	-0.009034200902805082	-2.2022839235952234	0.05495390931813683	4.24349998939125	9.084999909150003
924	15138816	10	3.4	2.690724809414742	10.0	0.0	10	4.4	5.043808085167397	18.0	0.0	-0.009951834233585812	-2.291580050944994	0.05441505143162525	4.196749989508126	9.314999906850002
928	15204352	10	3.8	4.770744176750625	16.0	0.0	10	6.0	5.366563145999495	16.0	0.0	-0.008789565794049827	-2.2755801700168727	0.05460116057087943	4.233999989415	2.0309999796900007
932	15269888	10	1.6	1.9595917942265426	6.0	0.0	10	6.6	7.539230729988305	18.0	0.0	-0.009541995419786386	-2.201294893790461	0.06467461453387476	4.27849998930375	9.351999906480001
936	15335424	10	2.6	2.2	6.0	0.0	10	3.8	4.237924020083418	16.0	0.0	-0.00973348936915366	-2.210720171300758	0.05102544294837201	4.08799998978	12.650999873490003
940	15400960	10	3.4	4.476605857119878	16.0	0.0	10	7.2	6.881860213634101	18.0	0.0	-0.008459278124395925	-2.222618097828767	0.04478975344215552	4.403499988991251	11.987999880120002
944	15466496	10	5.6	4.543126676640219	18.0	2.0	10	2.8	1.6	6.0	0.0	-0.009156017814303903	-2.2269969505732083	0.06649945826973967	4.268749989328126	9.57199990428
948	15532032	10	3.4	4.565084884205331	16.0	0.0	10	4.8	4.995998398718719	18.0	0.0	-0.009136402876678025	-2.1909979231856833	0.06545245852415692	4.525249988686875	12.357999876420003
952	15597568	10	3.2	5.30659966456864	18.0	0.0	10	4.8	5.075431016179808	18.0	0.0	-0.00895668368712677	-2.2101911726278507	0.05914265436746025	4.223749989440625	7.652999923470001
956	15663104	10	4.8	4.308131845707603	16.0	2.0	10	4.6	5.370288632839021	18.0	0.0	-0.008708898776302898	-2.237721783186354	0.05681527678961429	4.514749988713126	12.171999878280003
960	15728640	10	1.0	1.3416407864998738	4.0	0.0	10	6.8	6.337191807101943	18.0	0.0	-0.009181779541554582	-2.2105162638110025	0.057079125228601015	4.19199998952	6.665999933340001
964	15794176	10	7.4	6.636264009214823	18.0	0.0	10	8.8	8.255906976220118	22.0	0.0	-0.009320580117005942	-2.2827117788400653	0.05268580361186265	4.557749988605625	7.949999920500002
968	15859712	10	0.8	0.9797958971132713	2.0	0.0	10	5.6	4.715930449020639	16.0	0.0	-0.009891431025790046	-2.2796432919909178	0.05279961926312601	4.460249988849375	6.605999933940001
972	15925248	10	3.0	3.492849839314596	10.0	0.0	10	4.0	2.1908902300206643	8.0	0.0	-0.009281112471947997	-2.329468957837162	0.04533964779221345	4.389249989026876	7.283999927160001
976	15990784	10	6.4	6.183849933496123	18.0	0.0	10	4.4	5.043808085167397	18.0	0.0	-0.009109584468166445	-2.316390337802081	0.05129371769191966	4.44549998888625	11.864999881350002
980	16056320	10	5.2	7.332121111929345	22.0	0.0	10	10.8	7.11055553385247	20.0	2.0	-0.009447693438158178	-2.31422090506289	0.0581311212093552	4.41999998895	7.836999921630001
984	16121856	10	3.0	2.4083189157584592	8.0	0.0	10	5.6	4.800000000000001	18.0	2.0	-0.009481348773000789	-2.33307216043806	0.05063477864271954	4.298749989253126	12.30899987691
988	16187392	10	3.4	1.8	6.0	0.0	10	5.8	7.236021006050217	20.0	0.0	-0.010264500311214803	-2.2815069429683352	0.05608260460234613	4.396749989008125	8.111999918880002
992	16252928	10	5.6	6.560487786742691	20.0	0.0	10	9.0	5.60357029044876	18.0	2.0	-0.00843958799338609	-2.298647122839063	0.0542468955916656	4.348249989129375	9.044999909550002
996	16318464	10	6.6	5.660388679233963	18.0	0.0	10	4.2	4.331281565541543	16.0	0.0	-0.009286118438712737	-2.3031766511584264	0.0548483958643538	4.429249988926875	7.811999921880002
1000	16384000	10	2.8	3.1240998703626617	10.0	0.0	10	6.4	6.374950980203691	20.0	0.0	-0.009477845855369935	-2.309301296629361	0.04350092046208168	4.384749989038125	7.8029999219700015
1004	16449536	10	3.8	2.4413111231467406	8.0	0.0	10	6.0	5.138093031466052	16.0	2.0	-0.008530746228967732	-2.2945599826767027	0.06067231735358689	4.24849998937875	9.54199990458
1008	16515072	10	4.2	5.617828762075256	20.0	0.0	10	5.8	5.617828762075256	16.0	0.0	-0.00920386788882678	-2.266727015139973	0.054480455344455746	4.067249989831875	5.613999943860001
1012	16580608	10	2.2	2.0880613017821097	6.0	0.0	10	10.8	7.222188034107115	18.0	2.0	-0.008193193826077682	-2.2732388449327483	0.0612079547654409	4.4589999888525	11.928999880710002
1016	16646144	10	6.0	7.483314773547883	22.0	0.0	10	4.4	5.571355310873648	20.0	0.0	-0.009360769170835939	-2.2695160307109594	0.0511544553587323	4.4389999889025	11.527999884720002
1020	16711680	10	3.8	6.415605972938176	22.0	0.0	10	5.4	4.983974317750845	18.0	0.0	-0.008416858828273685	-2.2599808645874497	0.054437277018009954	4.266999989332501	11.544999884550002
1024	16777216	10	6.2	7.4538580614336905	22.0	0.0	10	7.2	6.4	18.0	0.0	-0.009282037435335561	-2.24874115711868	0.051019823716605885	4.204749989488126	8.193999918060003
1028	16842752	10	1.8	2.08806130178211	6.0	0.0	10	5.0	5.079370039680118	18.0	0.0	-0.008551033001841122	-2.2461628613516416	0.05803182957244656	4.32399998919	12.363999876360003
1032	16908288	10	3.0	3.0	8.0	0.0	10	4.2	4.853864439804639	16.0	0.0	-0.009394496059871039	-2.223939567572676	0.057751194839558845	4.38849998902875	8.771999912280002
1036	16973824	10	1.6	1.7435595774162693	4.0	0.0	10	1.8	2.2715633383201097	6.0	0.0	-0.009494611731721208	-2.2142810123839136	0.05609851880966886	4.316499989208751	4.75199995248
1040	17039360	10	6.2	7.56042326857432	20.0	0.0	10	7.2	6.273754856543249	22.0	0.0	-0.009645599858742509	-2.2055388239708864	0.05933189383710781	4.3749999890625	9.533999904660002
1044	17104896	10	2.4	2.33238075793812	6.0	0.0	10	2.8	3.3704599092705436	10.0	0.0	-0.008780215975088485	-2.1983655291492585	0.05639966984157618	4.290749989273126	8.167999918320001
1048	17170432	10	3.8	4.331281565541543	16.0	0.0	10	7.2	6.584831053261732	22.0	2.0	-0.009403183111853375	-2.2356639278586443	0.06092645444583038	4.59599998851	7.613999923860001
1052	17235968	10	6.0	7.37563556583431	18.0	0.0	10	6.8	6.079473661428265	18.0	0.0	-0.007566511402243779	-2.2594356534511655	0.06401886095712546	4.41049998897375	7.838999921610002
1056	17301504	10	2.0	2.0	6.0	0.0	10	6.6	7.158212067269312	18.0	0.0	-0.009062419406862978	-2.244066203400187	0.061335888723662454	4.131249989671875	10.016999899830001
1060	17367040	10	1.2	1.6	4.0	0.0	10	6.0	5.865151319446072	18.0	0.0	-0.008955812892030979	-2.236099083985416	0.05389343345131612	4.323249989191875	2.7139999728600004
1064	17432576	10	3.8	5.2497618993626745	18.0	0.0	10	6.2	6.289674077406556	20.0	0.0	-0.009583298297823058	-2.2771549843363195	0.0616609261617406	4.052749989868125	9.897999901020002
1068	17498112	10	3.2	4.664761515876241	16.0	0.0	10	8.2	7.4	22.0	0.0	-0.008344932249848079	-2.2906311300991073	0.05711315742409353	4.24399998939	11.452999885470001
1072	17563648	10	3.2	2.9933259094191533	8.0	0.0	10	3.6	3.440930106817051	8.0	0.0	-0.0088244751765669	-2.227470869587295	0.061342406545895116	4.563749988590625	11.60399988396
1076	17629184	10	5.2	4.578209256903839	16.0	0.0	10	4.2	5.015974481593782	18.0	0.0	-0.009445840906590224	-2.258974998954067	0.0535569087313579	4.287749989280625	10.945999890540001
1080	17694720	10	2.6	2.2	6.0	0.0	10	5.6	4.079215610874228	16.0	2.0	-0.009549641587824459	-2.2481829447192556	0.04753352928178707	4.52649998868375	10.700999892990001
1084	17760256	10	3.0	2.4083189157584592	6.0	0.0	10	5.2	5.670978751503131	20.0	0.0	-0.007907740654531432	-2.2579433071248105	0.06071884060266928	4.413249988966876	11.266999887330002
1088	17825792	10	6.6	6.32771680782255	18.0	0.0	10	5.0	5.310367218940701	20.0	0.0	-0.009365831301930158	-2.2617831451324966	0.04788630703586216	4.090249989774375	12.704999872950003
1092	17891328	10	5.6	6.118823416311343	18.0	0.0	10	7.6	6.499230723708768	22.0	2.0	-0.008941289613760634	-2.262272531551901	0.05102998134148529	4.2347499894131255	11.051999889480001
1096	17956864	10	1.4	2.009975124224178	6.0	0.0	10	13.0	7.602631123499285	20.0	0.0	-0.00973989231371688	-2.3080738755643178	0.04139186367737477	4.172749989568126	11.616999883830003
1100	18022400	10	4.0	6.324555320336759	22.0	0.0	10	6.8	5.15363949069005	16.0	0.0	-0.009343273796060406	-2.247051658495644	0.05220324805549144	4.244749989388125	11.070999889290002
1104	18087936	10	3.6	6.118823416311341	20.0	0.0	10	5.2	1.6	8.0	2.0	-0.008249182650969062	-2.215139098234699	0.05567601241057062	4.428749988928125	11.574999884250001
1108	18153472	10	5.4	7.045565981523415	20.0	0.0	10	6.0	3.8987177379235853	16.0	2.0	-0.009462515533944407	-2.278492467861456	0.04845538455488193	4.0752499898118755	7.895999921040001
1112	18219008	10	4.4	6.248199740725324	22.0	0.0	10	8.0	6.81175454637056	20.0	2.0	-0.008994391720658784	-2.250140299165304	0.059612501988497046	4.32049998919875	5.494999945050001
1116	18284544	10	4.2	6.095900261651268	16.0	0.0	10	5.2	5.670978751503131	20.0	0.0	-0.009271693902463166	-2.2562071951860383	0.047496735928289194	4.40949998897625	7.975999920240001
1120	18350080	10	3.4	5.0635955604688645	16.0	0.0	10	7.0	6.648308055437865	18.0	0.0	-0.009463029154706275	-2.3016098164107985	0.05224465642278691	4.33149998917125	7.489999925100001
1124	18415616	10	2.4	3.5552777669262356	10.0	0.0	10	8.0	7.26636084983398	22.0	0.0	-0.010269733559492835	-2.331927470619956	0.045662770004222204	4.286749989283125	8.342999916570001
1128	18481152	10	6.2	7.011419257183243	20.0	0.0	10	6.8	5.741080037762929	18.0	0.0	-0.009266681905142222	-2.3165447461178825	0.0488097026194825	4.2822499892943755	11.496999885030002
1132	18546688	10	4.8	4.833218389437828	18.0	0.0	10	9.6	6.916646586316233	18.0	2.0	-0.007841352190645839	-2.3152317625852725	0.05179500656904667	4.4289999889275	9.230999907690002
1136	18612224	10	1.6	2.154065922853802	6.0	0.0	10	5.6	4.17612260356422	16.0	2.0	-0.00908131949984323	-2.3197337634928603	0.05071935394716182	4.44449998888875	11.732999882670002
1140	18677760	10	10.6	7.432361670424818	20.0	0.0	10	5.2	4.48998886412873	16.0	0.0	-0.008885055570907787	-2.305053474762338	0.047997034945337365	4.7229999881925	12.071999879280002
1144	18743296	10	5.6	5.571355310873648	16.0	0.0	10	9.2	6.881860213634101	22.0	2.0	-0.008667609740775585	-2.284346545498042	0.05273929810145361	4.644749988388125	11.691999883080003
1148	18808832	10	4.8	4.749736834815167	16.0	0.0	10	4.0	3.22490309931942	8.0	0.0	-0.00900207056259718	-2.307330399511316	0.047902555199938066	4.431249988921875	11.912999880870002
1152	18874368	10	6.6	7.800000000000001	22.0	0.0	10	10.0	7.64198926981712	20.0	0.0	-0.008940211377475304	-2.332768795147927	0.04464121304065016	4.377749989055625	12.092999879070002
1156	18939904	10	5.2	6.273754856543249	18.0	0.0	10	4.2	2.2715633383201093	8.0	0.0	-0.008772600028953019	-2.320064720766468	0.04893901549778841	4.526249988684375	11.841999881580003
1160	19005440	10	3.2	5.30659966456864	18.0	0.0	10	7.8	7.068238818828917	22.0	0.0	-0.009233224273832543	-2.3277967967151727	0.05191646484738207	4.294249989264375	6.252999937470001
1164	19070976	10	3.8	5.173006862551025	18.0	0.0	10	10.6	6.696267617113283	22.0	4.0	-0.008845892913377784	-2.332218430693397	0.05321700641486276	4.3922499890193745	10.258999897410002
1168	19136512	10	3.8	1.4	6.0	2.0	10	5.2	4.833218389437829	18.0	2.0	-0.008569908730064647	-2.331211643671547	0.050704887985247575	3.9849999900375006	11.742999882570002
1172	19202048	10	5.2	6.20966987850401	18.0	0.0	10	5.8	7.560423268574319	20.0	0.0	-0.008522859843976393	-2.3283066920994315	0.04512296732976388	4.340249989149375	11.699999883000002
1176	19267584	10	5.0	4.494441010848846	16.0	0.0	10	5.4	4.386342439892262	16.0	0.0	-0.008422606056260827	-2.301467338958058	0.060296808596007445	4.42249998894375	11.175999888240002
1180	19333120	10	4.6	6.931089380465383	20.0	0.0	10	5.4	4.737087712930805	18.0	0.0	-0.00805577737302036	-2.3386290766346223	0.05164935361676829	4.32549998918625	10.114999898850002
1184	19398656	10	2.0	2.3664319132398464	6.0	0.0	10	7.6	7.031358332498778	20.0	0.0	-0.008588205966300881	-2.348058588558225	0.0487456130356353	4.1224999896937495	10.614999893850001
1188	19464192	10	1.4	1.7999999999999998	6.0	0.0	10	7.8	7.068238818828917	20.0	0.0	-0.008174446328118477	-2.3351365399908453	0.04780013100134237	4.296249989259375	7.558999924410001
1192	19529728	10	4.4	5.043808085167397	18.0	0.0	10	6.4	6.118823416311342	18.0	0.0	-0.00896757554829151	-2.2420230704197355	0.06171459073411673	4.6864999882837495	10.909999890900002
1196	19595264	10	4.6	6.988562083862459	20.0	0.0	10	9.0	6.884765791223402	22.0	0.0	-0.009108043192363918	-2.2920024293260433	0.05775610426770531	4.381249989046875	10.807999891920002
1200	19660800	10	3.4	5.370288632839021	18.0	0.0	10	4.2	4.422668877499197	16.0	0.0	-0.008764672951956065	-2.2731156421320104	0.057750943654099475	4.4929999887675	9.6799999032
1204	19726336	10	1.4	2.009975124224178	6.0	0.0	10	9.4	7.696752561957543	20.0	0.0	-0.009134218023022035	-2.335655107850918	0.04446950079021929	4.03149998992125	12.825999871740002
1208	19791872	10	6.6	5.517245689653488	18.0	0.0	10	4.8	6.523802572120037	18.0	0.0	-0.009221239368596071	-2.279463362953048	0.058683755840270774	4.437249988906876	10.18099989819
1212	19857408	10	1.8	2.2715633383201097	6.0	0.0	10	5.0	5.157518783291051	18.0	0.0	-0.008692582978562995	-2.3002441200204706	0.047714673385176064	4.318249989204375	11.676999883230001
1216	19922944	10	4.4	4.963869458396343	18.0	0.0	10	8.4	6.6211781428987395	22.0	2.0	-0.00971897565391694	-2.244112933441686	0.04973214095871668	4.68249998829375	11.472999885270003
1220	19988480	10	7.4	6.814690014960329	22.0	0.0	10	9.8	7.560423268574319	22.0	2.0	-0.009697467606707496	-2.2222630503445653	0.0546475695389209	4.47949998880125	10.687999893120002
1224	20054016	10	4.0	2.3664319132398464	8.0	0.0	10	5.4	4.651881339845203	18.0	2.0	-0.008973042057707329	-2.2508866660435767	0.04822220866221292	4.4629999888425	10.125999898740002
1228	20119552	10	1.6	1.9595917942265424	4.0	0.0	10	8.4	6.858571279792899	16.0	0.0	-0.0078468900966084	-2.2321600936511565	0.05260763179040445	4.40399998899	4.465999955340001
1232	20185088	10	4.2	6.289674077406556	22.0	0.0	10	6.4	5.782732917920384	18.0	2.0	-0.008422481277225734	-2.245424824222475	0.04994250980927362	4.5669999885824994	12.129999878700003
1236	20250624	10	2.8	2.7129319932501073	8.0	0.0	10	5.6	6.974238309665077	20.0	0.0	-0.009050225299655226	-2.2468603052341933	0.05615411837931654	4.27949998930125	8.883999911160002
1240	20316160	10	4.8	7.332121111929345	20.0	0.0	10	4.6	6.390618123468182	22.0	0.0	-0.008349849094620674	-2.2673977809769372	0.06527311563743216	4.1529999896175	6.051999939480001
1244	20381696	10	4.6	5.44426303552648	20.0	0.0	10	4.4	3.6660605559646715	10.0	0.0	-0.00867653889054623	-2.257827227079123	0.05723469820208699	4.5589999886025	11.716999882830002
1248	20447232	10	1.4	1.8000000000000003	4.0	0.0	10	9.2	7.704544113703289	22.0	2.0	-0.009496249230850514	-2.2394635724675407	0.054153541291389946	4.14799998963	8.553999914460002
1252	20512768	10	3.4	5.0635955604688645	18.0	0.0	10	9.0	7.758865896508329	22.0	0.0	-0.00923308901256785	-2.2665865468604673	0.05206060925111527	4.045999989885001	7.139999928600001
1256	20578304	10	4.2	6.477653896280659	22.0	0.0	10	8.6	6.931089380465383	20.0	0.0	-0.008680212693742912	-2.278002105415994	0.04713599883925908	4.418749988953126	7.907999920920002
1260	20643840	10	3.0	4.58257569495584	16.0	0.0	10	3.4	2.973213749463701	8.0	0.0	-0.008840464137078148	-2.26720826304184	0.05180732055493206	4.29049998927375	11.048999889510002
1264	20709376	10	6.6	7.644605941446557	20.0	0.0	10	5.0	5.079370039680118	18.0	0.0	-0.009053350840043183	-2.2798998080302626	0.04205039789229328	4.5789999885525	7.616999923830001
1268	20774912	10	3.2	4.48998886412873	16.0	0.0	10	5.6	4.543126676640219	18.0	2.0	-0.008951613060139378	-2.238847265407681	0.06317012050151936	4.378999989052501	10.66499989335
1272	20840448	10	4.0	3.22490309931942	10.0	0.0	10	5.0	5.0	18.0	0.0	-0.009608623681045023	-2.280935846031533	0.04878977745806452	4.509249988726875	9.547999904520001
1276	20905984	10	3.8	4.422668877499196	16.0	0.0	10	5.4	5.9363288318623315	20.0	0.0	-0.008599742731968688	-2.247297582292908	0.046334908300219906	4.049749989875624	11.757999882420002
1280	20971520	10	5.2	6.64529909033446	20.0	0.0	10	8.4	6.374950980203691	22.0	0.0	-0.007870020935811493	-2.2507096924026766	0.053542683399913846	4.124749989688125	10.897999891020001
1284	21037056	10	7.8	8.316249154516717	22.0	0.0	10	5.0	4.219004621945797	16.0	0.0	-0.008981664387621375	-2.2744845820084243	0.05798035750803383	4.40799998898	11.209999887900002
1288	21102592	10	8.2	7.124605252222751	22.0	0.0	10	7.4	6.755738301621815	20.0	0.0	-0.009064025751554444	-2.290868920345887	0.044630991135110556	4.792749988018125	12.272999877270001
1292	21168128	10	7.0	7.810249675906654	20.0	0.0	10	4.4	6.053098380168623	22.0	0.0	-0.008529178334074275	-2.3045044340276273	0.045772110611709896	4.264749989338125	7.965999920340002
1296	21233664	10	6.8	6.764613810115105	22.0	0.0	10	9.0	6.708203932499369	20.0	2.0	-0.009442847810458703	-2.29908709949148	0.04779866548766116	4.4477499888806244	11.581999884180002
1300	21299200	10	3.2	5.1536394906900505	18.0	0.0	10	4.2	2.749545416973504	10.0	0.0	-0.009248792529985965	-2.2552434476847654	0.052667683101360885	4.545249988636876	11.525999884740001
1304	21364736	10	2.2	2.749545416973504	8.0	0.0	10	5.2	5.455272678794342	18.0	0.0	-0.009145439424433683	-2.2424252502767885	0.05508789648504169	4.19249998951875	10.281999897180002
1308	21430272	10	5.2	5.6000000000000005	16.0	0.0	10	7.4	6.514598989960933	18.0	0.0	-0.008529640090597614	-2.250971324507364	0.0677913804467932	4.335249989161874	9.558999904410001
1312	21495808	10	7.2	6.764613810115105	20.0	0.0	10	8.4	5.351635264103861	20.0	2.0	-0.008015863065413143	-2.241464910174375	0.05515666712897907	4.114749989713125	11.147999888520001
1316	21561344	10	3.0	5.157518783291051	18.0	0.0	10	5.2	5.455272678794342	20.0	0.0	-0.008766014714937537	-2.282610590021462	0.04503094315215017	4.561749988595625	7.779999922200002
1320	21626880	10	6.2	5.249761899362676	16.0	0.0	10	6.4	4.079215610874228	16.0	2.0	-0.007656859912267198	-2.2374290076547747	0.062240698795180606	4.532249988669374	11.262999887370002
1324	21692416	10	3.0	4.753945729601885	16.0	0.0	10	4.4	1.4966629547095764	6.0	2.0	-0.008031001425248955	-2.3118810005561325	0.0419758792806464	4.481749988795625	6.060999939390001
1328	21757952	10	5.4	6.069596362197408	18.0	0.0	10	5.6	5.642694391866354	16.0	0.0	-0.008533139845612226	-2.302553539234956	0.05411053908192351	4.1989999895025	10.13899989861
1332	21823488	10	4.2	4.8538644398046396	18.0	0.0	10	8.6	6.696267617113282	20.0	2.0	-0.008507604423683857	-2.328047215696063	0.05235351006498345	4.513749988715625	11.608999883910002
1336	21889024	10	2.6	2.2	6.0	0.0	10	3.6	3.5552777669262356	10.0	0.0	-0.008640740236851664	-2.3052433403911965	0.04898893217589148	4.58249998854375	11.140999888590002
1340	21954560	10	3.8	5.249761899362675	18.0	0.0	10	6.8	5.6	18.0	2.0	-0.008108254644931858	-2.319344507909615	0.0508963616589463	4.38049998904875	11.829999881700003
1344	22020096	10	4.4	4.5431266766402185	16.0	0.0	10	8.8	6.6452990903344595	18.0	0.0	-0.00798630458704669	-2.2905174640415327	0.06270081459978008	4.268249989329375	10.295999897040002
1348	22085632	10	7.0	6.767569726275452	20.0	0.0	10	10.0	6.6332495807108	18.0	0.0	-0.007974883999019418	-2.2609608121344653	0.046349048939517336	4.54049998864875	12.192999878070001
1352	22151168	10	8.2	6.838128398911504	22.0	0.0	10	8.4	8.845337754998392	22.0	0.0	-0.007295123620828663	-2.2493269813697943	0.05847208123665924	4.4884999887787504	12.200999877990002
1356	22216704	10	7.0	6.587867636800241	22.0	2.0	10	9.4	6.931089380465383	22.0	2.0	-0.008368518532468623	-2.250246469938799	0.059988445440888154	4.455749988860625	11.402999885970003
1360	22282240	10	6.8	6.705221845696084	18.0	0.0	10	5.8	5.4	16.0	0.0	-0.007290318806400763	-2.2857008623682726	0.050428169716018906	4.453249988866875	11.762999882370002
1364	22347776	10	4.2	2.891366458960192	10.0	0.0	10	9.4	7.102112361825882	22.0	0.0	-0.007836777446848313	-2.295577053983302	0.04902578951901125	4.19449998951375	10.847999891520002
1368	22413312	10	3.0	2.7202941017470885	8.0	0.0	10	9.8	6.838128398911504	18.0	0.0	-0.00890223491203906	-2.274574726583057	0.05300231680963665	4.411249988971875	10.983999890160002
1372	22478848	10	5.6	4.8	16.0	0.0	10	4.6	4.651881339845203	16.0	0.0	-0.00935786210805256	-2.2267750499313133	0.06463685735852502	4.569249988576876	11.753999882460002
1376	22544384	10	1.8	1.661324772583615	4.0	0.0	10	10.6	7.213875518748574	20.0	0.0	-0.008707752937882722	-2.2813212173787614	0.05089588249348171	4.4169999889575	11.54599988454
1380	22609920	10	3.8	5.249761899362675	18.0	0.0	10	3.4	2.973213749463701	10.0	0.0	-0.008496075642166872	-2.288633711397667	0.05356688498116593	4.299249989251875	10.070999899290001
1384	22675456	10	4.6	6.32771680782255	18.0	0.0	10	4.6	6.390618123468182	22.0	0.0	-0.009157752614814375	-2.2715416448929027	0.06366066222657729	4.62649998843375	6.701999932980001
1388	22740992	10	4.6	4.565084884205331	16.0	0.0	10	7.6	6.118823416311342	18.0	0.0	-0.009346002613646832	-2.3128717787638085	0.042540752382708616	4.205749989485625	10.771999892280002
1392	22806528	10	5.4	5.8	16.0	0.0	10	9.8	6.415605972938176	20.0	4.0	-0.00916160258592211	-2.309967155017239	0.062332984131166246	4.336749989158125	10.647999893520002
1396	22872064	10	2.4	1.9595917942265424	6.0	0.0	10	8.8	5.455272678794343	18.0	2.0	-0.008952329577042594	-2.2720334353663123	0.0580186314898022	4.56649998858375	11.951999880480003
1400	22937600	10	5.6	7.088018058667741	20.0	0.0	10	6.4	6.499230723708769	18.0	0.0	-0.008304696274580093	-2.2620028900730724	0.05462024193464234	4.208999989477499	10.896999891030003
1404	23003136	10	4.0	4.560701700396552	16.0	0.0	10	11.2	6.64529909033446	18.0	2.0	-0.008650536119308435	-2.281804191331799	0.05731675707293292	4.36149998909625	7.112999928870002
1408	23068672	10	6.4	7.578918128598567	20.0	0.0	10	8.8	5.946427498927402	18.0	2.0	-0.008557718401504216	-2.289312583466319	0.05574035628428578	4.3789999890525	7.805999921940002
1412	23134208	10	9.0	8.209750300709517	20.0	0.0	10	7.6	6.56048778674269	18.0	0.0	-0.00795102541368519	-2.2990584594596686	0.051697570669977974	4.436249988909375	9.347999906520002
1416	23199744	10	5.8	6.539113089708726	20.0	0.0	10	4.8	3.919183588453085	12.0	0.0	-0.00723311294541864	-2.301273263751163	0.05220874472132624	4.014749989963124	11.866999881330003
1420	23265280	10	5.4	7.102112361825882	22.0	0.0	10	6.0	8.438009243891594	22.0	0.0	-0.008027578977283987	-2.2453371880099766	0.07081860322543644	4.151499989621249	10.915999890840002
1424	23330816	10	7.0	6.942621983083913	22.0	0.0	10	7.0	6.526867548832288	18.0	0.0	-0.00828220725244872	-2.307964836317293	0.04514808079223174	4.344249989139375	11.52399988476
1428	23396352	10	2.0	2.3664319132398464	6.0	0.0	10	11.0	7.113367697511496	20.0	0.0	-0.008201099213444989	-2.2616430642831817	0.06991411884518361	4.12349998969125	5.766999942330001
1432	23461888	10	2.2	2.08806130178211	6.0	0.0	10	11.2	7.166589146867567	22.0	2.0	-0.00887306482914065	-2.2758736384524476	0.05983039705080422	4.10549998973625	10.241999897580003
1436	23527424	10	4.4	4.5431266766402185	16.0	0.0	10	7.0	5.882176467941097	18.0	0.0	-0.009053733089752361	-2.3035171973292616	0.048234911979739566	4.285749989285625	9.841999901580001
1440	23592960	10	6.0	6.06630035524124	18.0	0.0	10	7.4	7.592101158440922	22.0	0.0	-0.008494161422604953	-2.25329500413311	0.05757657783282315	4.607749988480625	10.913999890860001
1444	23658496	10	4.6	5.063595560468865	16.0	0.0	10	7.0	6.4031242374328485	20.0	0.0	-0.007617737221572365	-2.2900188935397803	0.050460346309489354	4.139749989650626	11.271999887280002
1448	23724032	10	9.8	8.964373932405987	22.0	0.0	10	6.8	6.337191807101943	20.0	0.0	-0.008504201198798902	-2.2800990365554035	0.06570934802385407	4.4709999888225	7.420999925790001
1452	23789568	10	5.6	7.1442284397967	22.0	0.0	10	8.2	7.180529228406497	18.0	0.0	-0.007773001704156806	-2.283272196611346	0.05250055957426743	4.370999989072501	7.912999920870002
1456	23855104	10	6.4	6.56048778674269	20.0	0.0	10	6.4	4.882622246293481	18.0	0.0	-0.0085728927627783	-2.2915211988088653	0.05881309341802746	4.08549998978625	11.684999883150002
1460	23920640	10	2.4	2.4979991993593593	6.0	0.0	10	6.0	7.37563556583431	22.0	0.0	-0.007354209608660649	-2.324058351175293	0.05829511461948336	4.24549998938625	11.5199998848
1464	23986176	10	6.6	7.4859869088851605	22.0	0.0	10	6.4	5.71314274283428	20.0	0.0	-0.008303251521631265	-2.305069630104597	0.0551504321183682	4.183999989540001	9.84599990154
1468	24051712	10	5.4	5.589275444992849	18.0	0.0	10	6.6	5.868560300448483	18.0	0.0	-0.007847504037061182	-2.2740353293831648	0.06107095189842954	4.386999989032501	12.044999879550002
1472	24117248	10	7.8	7.236021006050217	22.0	0.0	10	8.0	5.585696017507576	18.0	2.0	-0.008939562767084495	-2.293857812642526	0.05042188421996348	4.359249989101875	9.975999900240003
1476	24182784	10	9.0	8.258329128825032	18.0	0.0	10	6.4	5.499090833947008	16.0	0.0	-0.009199350731808446	-2.2550733832156045	0.06898949135462783	4.233999989415	10.50099989499
1480	24248320	10	3.6	4.715930449020639	16.0	0.0	10	8.0	7.64198926981712	20.0	0.0	-0.007351604597556315	-2.2499347699325054	0.06674300063637544	4.430249988924374	5.089999949100001
1484	24313856	10	6.8	7.166589146867567	22.0	0.0	10	7.0	7.861297602813418	20.0	0.0	-0.008616318757970613	-2.3075030046284604	0.051691670275807115	4.20649998948375	10.667999893320001
1488	24379392	10	7.0	8.306623862918075	22.0	0.0	10	5.4	5.517245689653488	20.0	0.0	-0.007977576644182567	-2.2777273031683394	0.05492634620566224	4.3149999892125	10.722999892770002
1492	24444928	10	4.6	6.199999999999998	22.0	0.0	10	6.6	5.9363288318623315	18.0	2.0	-0.00845263046876295	-2.3003881322928135	0.058551051686627636	4.501749988745624	12.817999871820001
1496	24510464	10	4.4	6.974238309665077	20.0	0.0	10	7.8	6.896375859826666	20.0	0.0	-0.008669881318995688	-2.292572701731926	0.054464314845149964	4.3009999892475	9.047999909520001
1500	24576000	10	10.8	7.6	22.0	0.0	10	8.4	6.916646586316233	18.0	0.0	-0.008706455295095561	-2.3272586512128206	0.04604807138584207	4.4289999889275	12.125999878740002
1504	24641536	10	8.8	7.95989949685296	22.0	0.0	10	7.4	7.045565981523415	20.0	0.0	-0.008435869633437643	-2.30879824087809	0.047846925633942466	4.1789999895525005	10.092999899070001
1508	24707072	10	4.4	4.454211490264018	16.0	0.0	10	6.4	5.499090833947008	20.0	0.0	-0.007599692298568929	-2.3195994022059163	0.0497804235731551	4.0469999898825	12.974999870250002
1512	24772608	10	2.8	1.8330302779823358	6.0	0.0	10	8.4	6.499230723708768	20.0	2.0	-0.008760275987694207	-2.310178706802686	0.04921774740283851	4.31199998922	11.245999887540002
1516	24838144	10	3.8	5.173006862551025	18.0	0.0	10	9.8	5.546169849544819	16.0	0.0	-0.008026552480333246	-2.33309569185511	0.04812988791656689	4.684749988288125	9.700999902990002
1520	24903680	10	3.6	1.7435595774162695	6.0	0.0	10	4.4	2.8000000000000003	8.0	0.0	-0.008929453781981726	-2.3695790939048247	0.04592632884069336	4.3249999891875	11.947999880520003
1524	24969216	10	3.8	5.325410782277738	18.0	0.0	10	6.4	6.6211781428987395	20.0	0.0	-0.008362551725781986	-2.3424109640264317	0.044229199232117315	4.131249989671875	10.636999893630001
