iter	frame	n_test	mean_returns	std_returns	max_returns	min_returns	n_test_train	mean_returns_train	std_returns_train	max_returns_train	min_returns_train	actor_loss	entropy_loss	value_loss	training_time	evaluation_time
0	0	10	3.0	4.58257569495584	10.0	0.0	10	2.0	4.0	10.0	0.0	0	0	0	0.0	7.175999928240001
4	65536	10	2.0	4.0	10.0	0.0	10	4.0	4.898979485566356	10.0	0.0	-0.0026517669948858563	-2.6941644099528554	0.2014285599758264	3.8709999903225003	6.500999934990001
8	131072	10	2.0	4.0	10.0	0.0	10	2.0	4.0	10.0	0.0	-0.0035433358809867418	-2.662197994411834	0.28225545815045966	3.947749990130625	5.297999947020001
12	196608	10	2.0	4.0	10.0	0.0	10	2.0	4.0	10.0	0.0	-0.0037702976086634514	-2.6484897655470028	0.28079495995174497	4.147249989631875	7.001999929980001
16	262144	10	6.0	4.898979485566356	10.0	0.0	10	3.0	4.58257569495584	10.0	0.0	-0.004973290431823501	-2.6533445092258616	0.2810139925857718	3.77149999057125	7.984999920150002
20	327680	10	5.0	5.0	10.0	0.0	10	3.0	4.58257569495584	10.0	0.0	-0.005032387733769575	-2.6424726344375973	0.3322649291991288	3.3722499915693747	7.739999922600002
24	393216	10	6.0	4.898979485566356	10.0	0.0	10	4.0	4.898979485566356	10.0	0.0	-0.004709196931308401	-2.604574292626868	0.3615211727652368	3.7709999905725	5.512999944870001
28	458752	10	3.0	4.58257569495584	10.0	0.0	10	4.0	4.898979485566356	10.0	0.0	-0.004880032789006761	-2.586338465143047	0.3478936003158695	3.81999999045	6.641999933580001
32	524288	10	4.0	4.898979485566356	10.0	0.0	10	3.0	4.58257569495584	10.0	0.0	-0.005123861279037693	-2.62730021002343	0.2899415970788374	3.845249990386875	6.4749999352500005
36	589824	10	3.0	4.58257569495584	10.0	0.0	10	6.0	4.898979485566356	10.0	0.0	-0.005804977333053534	-2.638346716486761	0.319838582970413	3.737749990655625	7.340999926590001
40	655360	10	4.0	4.898979485566356	10.0	0.0	10	3.0	4.58257569495584	10.0	0.0	-0.00684091320413229	-2.6048714938033215	0.288846132160189	3.295749991760625	6.862999931370002
44	720896	10	4.0	4.898979485566356	10.0	0.0	10	3.0	4.58257569495584	10.0	0.0	-0.00721565762478977	-2.5982954474563886	0.2721156387616859	3.5424999911437505	6.742999932570002
48	786432	10	1.0	3.0	10.0	0.0	10	4.3	4.73392015141785	10.0	0.0	-0.00683921071736224	-2.590444817869238	0.25430594894248654	3.909999990225	6.791999932080001
52	851968	10	2.0	4.0	10.0	0.0	10	5.0	5.0	10.0	0.0	-0.006474445088247314	-2.591493742891413	0.3023500502725902	3.65249999086875	6.878999931210001
56	917504	10	4.0	4.898979485566356	10.0	0.0	10	2.0	4.0	10.0	0.0	-0.008091856331769322	-2.5616998421464228	0.2754168448061947	3.271749991820625	7.177999928220001
60	983040	10	2.0	4.0	10.0	0.0	10	7.0	4.58257569495584	10.0	0.0	-0.007514438877302399	-2.5519014097575483	0.28254526974794564	3.6004999909987503	5.400999945990001
64	1048576	10	6.0	4.898979485566356	10.0	0.0	10	5.0	5.0	10.0	0.0	-0.007218636753507991	-2.5528758687101916	0.32029788782588076	3.95749999010625	6.526999934730001
68	1114112	10	4.0	4.898979485566356	10.0	0.0	10	7.0	4.58257569495584	10.0	0.0	-0.008775536986220913	-2.524053290223413	0.3344662524411367	3.4249999914375	4.379999956200001
72	1179648	10	3.0	4.58257569495584	10.0	0.0	10	3.0	4.58257569495584	10.0	0.0	-0.008062067836129515	-2.4950535518312202	0.3550395172029946	3.559749991100625	6.244999937550001
76	1245184	10	5.0	5.0	10.0	0.0	10	3.0	4.58257569495584	10.0	0.0	-0.008400463481276535	-2.4875127124182037	0.33081084005193107	3.7229999906925	6.096999939030002
80	1310720	10	4.0	4.898979485566356	10.0	0.0	10	1.0	3.0	10.0	0.0	-0.008472810907153799	-2.5085243083407103	0.28416077696552233	3.7867499905331257	7.075999929240001
84	1376256	10	2.0	4.0	10.0	0.0	10	3.0	4.58257569495584	10.0	0.0	-0.00881843249134363	-2.5429416097535222	0.26114183847866185	3.5349999911625	7.668999923310001
88	1441792	10	3.0	4.58257569495584	10.0	0.0	10	3.0	4.58257569495584	10.0	0.0	-0.008704929609244879	-2.520757513479073	0.2586674562696385	3.5094999912262503	7.055999929440001
92	1507328	10	6.0	4.898979485566356	10.0	0.0	10	2.0	4.0	10.0	0.0	-0.009217958217302636	-2.490814464528182	0.2985791265653488	3.88149999029625	6.566999934330001
96	1572864	10	2.0	4.0	10.0	0.0	10	4.0	4.898979485566356	10.0	0.0	-0.010024608959476478	-2.490376268564527	0.24117095765939492	3.57049999107375	7.293999927060001
100	1638400	10	2.0	4.0	10.0	0.0	10	5.0	5.0	10.0	0.0	-0.008430151083637436	-2.460070279481056	0.3247916791249743	3.34449999163875	4.200999957990001
104	1703936	10	5.0	5.0	10.0	0.0	10	5.0	5.0	10.0	0.0	-0.010130142733796465	-2.465289110681907	0.3064451973255643	3.5962499910093744	4.02699995973
108	1769472	10	4.0	4.898979485566356	10.0	0.0	10	4.0	4.898979485566356	10.0	0.0	-0.011030694779101359	-2.49719814681823	0.3104927429295505	4.1049999897375	6.971999930280002
112	1835008	10	2.0	4.0	10.0	0.0	10	8.0	4.0	10.0	0.0	-0.011090839508502908	-2.4862003770861056	0.24831060255464188	4.278499989303749	4.85899995141
116	1900544	10	5.0	5.0	10.0	0.0	10	4.0	4.898979485566356	10.0	0.0	-0.0108153500418011	-2.469100052854514	0.2999617134218879	3.488749991278125	7.475999925240001
120	1966080	10	2.0	4.0	10.0	0.0	10	2.0	4.0	10.0	0.0	-0.010002268018847111	-2.452135316772138	0.34157877349772336	3.7282499906793753	6.795999932040002
124	2031616	10	7.0	4.58257569495584	10.0	0.0	10	4.0	4.898979485566356	10.0	0.0	-0.011765091433807521	-2.479811106860611	0.24886850730717602	3.86399999034	5.2939999470600005
128	2097152	10	2.0	4.0	10.0	0.0	10	3.0	4.58257569495584	10.0	0.0	-0.011402252176316388	-2.4619262389757712	0.2941612125999281	3.6357499909106252	5.649999943500001
132	2162688	10	3.0	4.58257569495584	10.0	0.0	10	2.0	4.0	10.0	0.0	-0.009489956909946848	-2.4903132639714793	0.2932292803195642	3.8134999904662505	5.955999940440002
136	2228224	10	4.0	4.898979485566356	10.0	0.0	10	5.0	5.0	10.0	0.0	-0.011000919540256324	-2.4617749350685516	0.2824262577435726	3.8402499903993754	7.163999928360001
140	2293760	10	5.0	5.0	10.0	0.0	10	4.0	4.898979485566356	10.0	0.0	-0.011376572468510565	-2.451447998228616	0.25200678421042877	3.6072499909818747	7.277999927220001
144	2359296	10	3.3	4.473253849269008	10.0	0.0	10	5.0	5.0	10.0	0.0	-0.011255162742640323	-2.4461615356241673	0.3105938078822512	3.3657499915856253	6.9579999304200015
148	2424832	10	5.0	5.0	10.0	0.0	10	5.0	5.0	10.0	0.0	-0.011672900212333607	-2.436152068023434	0.2647044911394454	3.7149999907124998	5.549999944500001
152	2490368	10	4.0	4.898979485566356	10.0	0.0	10	7.0	4.58257569495584	10.0	0.0	-0.01054086524902783	-2.4189888012869663	0.27360780627410625	3.7649999905874996	6.598999934010001
156	2555904	10	2.0	4.0	10.0	0.0	10	5.3	4.775981574503821	10.0	0.0	-0.010744142716038773	-2.410145915793655	0.3094176891868861	3.4249999914375	5.537999944620001
160	2621440	10	5.0	5.0	10.0	0.0	10	3.0	4.58257569495584	10.0	0.0	-0.01091631562674871	-2.3764017817882856	0.29725254867233913	3.485999991285	6.094999939050001
164	2686976	10	3.0	4.58257569495584	10.0	0.0	10	1.0	3.0	10.0	0.0	-0.010486451546481135	-2.3680940441804004	0.32412503904701573	3.8344999904137502	5.966999940330001
168	2752512	10	5.0	5.0	10.0	0.0	10	3.0	4.58257569495584	10.0	0.0	-0.013147893154225558	-2.4291186479183913	0.24701631718536063	3.559749991100625	6.335999936640001
172	2818048	10	5.0	5.0	10.0	0.0	10	5.0	5.0	10.0	0.0	-0.013342857381277835	-2.4325369097242056	0.23302422601164938	3.24449999188875	7.279999927200001
176	2883584	10	3.0	4.58257569495584	10.0	0.0	10	4.0	4.898979485566356	10.0	0.0	-0.011533214086144414	-2.415368837363253	0.22001202262508873	3.6552499908618747	5.65599994344
180	2949120	10	3.0	4.58257569495584	10.0	0.0	10	4.0	4.898979485566356	10.0	0.0	-0.012032013787837612	-2.4052412631589095	0.24725993673535476	3.6994999907512502	5.5199999448
184	3014656	10	5.0	5.0	10.0	0.0	10	5.3	4.775981574503821	10.0	0.0	-0.012542118925827574	-2.4762505464159905	0.19136000849486334	3.6237499909406248	4.8059999519400005
188	3080192	10	3.0	4.58257569495584	10.0	0.0	10	3.3	4.473253849269008	10.0	0.0	-0.011604673190356655	-2.4654024464304087	0.23661875039357813	3.152249992119375	6.64799993352
192	3145728	10	4.0	4.898979485566356	10.0	0.0	10	4.0	4.898979485566356	10.0	0.0	-0.009816628748809014	-2.4424335010289075	0.26729136500827716	3.686749990783125	6.047999939520001
196	3211264	10	8.3	3.4655446902326914	10.0	0.0	10	7.0	4.58257569495584	10.0	0.0	-0.012061899286544322	-2.4494727375538687	0.23168075765242824	3.733999990665	5.0009999499900015
200	3276800	10	2.0	4.0	10.0	0.0	10	5.0	5.0	10.0	0.0	-0.012701021765568523	-2.4244924880522225	0.2967222062561774	3.2544999918637503	2.6929999730700005
204	3342336	10	3.0	4.58257569495584	10.0	0.0	10	5.0	5.0	10.0	0.0	-0.010386454008291439	-2.381816918403157	0.3170260872051193	3.673749990815625	4.742999952570001
208	3407872	10	4.3	4.73392015141785	10.0	0.0	10	6.0	4.898979485566356	10.0	0.0	-0.012091135869269999	-2.3807701416317206	0.31447075785276823	3.7982499905043756	5.81799994182
212	3473408	10	3.0	4.58257569495584	10.0	0.0	10	3.0	4.58257569495584	10.0	0.0	-0.012535686280805374	-2.3722606820377212	0.32506872523915176	3.473749991315625	5.890999941090001
216	3538944	10	4.0	4.898979485566356	10.0	0.0	10	6.0	4.898979485566356	10.0	0.0	-0.013543938581080613	-2.382989302029337	0.26850334148540633	3.7649999905875	5.198999948010001
220	3604480	10	4.0	4.898979485566356	10.0	0.0	10	4.0	4.898979485566356	10.0	0.0	-0.011819940427794395	-2.4405479254763223	0.21050573386542684	3.5929999910175	7.955999920440002
224	3670016	10	6.0	4.898979485566356	10.0	0.0	10	4.0	4.898979485566356	10.0	0.0	-0.01293662346735649	-2.4706933570314735	0.22872437177326926	3.35249999161875	5.566999944330001
228	3735552	10	3.6	4.340506882842141	10.0	0.0	10	4.0	4.898979485566356	10.0	0.0	-0.013169496537094951	-2.465859502297079	0.1967183898463821	4.16049998959875	7.412999925870001
232	3801088	10	3.0	4.58257569495584	10.0	0.0	10	3.0	4.58257569495584	10.0	0.0	-0.012659130342596457	-2.4767144096297993	0.19577017952200967	4.140249989649375	6.537999934620001
236	3866624	10	4.0	4.898979485566356	10.0	0.0	10	6.0	4.898979485566356	10.0	0.0	-0.012427699675672518	-2.4445065903104095	0.20920358502920805	3.6732499908168754	9.036999909630003
240	3932160	10	3.0	4.58257569495584	10.0	0.0	10	7.0	4.58257569495584	10.0	0.0	-0.011741600877323318	-2.3893139036987843	0.3015334174343764	3.789999990525	6.656999933430001
244	3997696	10	2.3	3.9509492530276824	10.0	0.0	10	6.0	4.898979485566356	10.0	0.0	-0.012713287325105358	-2.3884752067422372	0.2407258602850219	4.1702499895743745	7.084999929150001
248	4063232	10	4.3	4.73392015141785	10.0	0.0	10	5.0	5.0	10.0	0.0	-0.01294376346885127	-2.417356192813835	0.22039974385439295	3.9587499901031253	5.296999947030001
252	4128768	10	8.0	4.0	10.0	0.0	10	5.3	4.775981574503821	10.0	0.0	-0.012471637580564	-2.4295715240093476	0.22893227153246073	3.696749990758125	4.136999958630001
256	4194304	10	6.0	4.898979485566356	10.0	0.0	10	3.0	4.58257569495584	10.0	0.0	-0.012825871571474351	-2.4437670903839193	0.2306191577956754	3.852749990368125	5.094999949050001
260	4259840	10	4.0	4.898979485566356	10.0	0.0	10	5.0	5.0	10.0	0.0	-0.012907912514360721	-2.4143219140637315	0.24745108743414565	3.8014999904962505	7.743999922560001
264	4325376	10	2.0	4.0	10.0	0.0	10	2.0	4.0	10.0	0.0	-0.01293745359591252	-2.407568442074009	0.24986885811393394	3.6249999909375	5.182999948170001
268	4390912	10	2.0	4.0	10.0	0.0	10	5.0	5.0	10.0	0.0	-0.012539650620265519	-2.4247565763649797	0.2266208201721182	3.197999992005	6.590999934090001
272	4456448	10	6.3	4.605431575867782	10.0	0.0	10	6.0	4.898979485566356	10.0	0.0	-0.012132338108686283	-2.385148316373327	0.25560256649871477	3.8409999903975	6.70899993291
276	4521984	10	0.0	0.0	0.0	0.0	10	3.0	4.58257569495584	10.0	0.0	-0.013949633300461737	-2.434857542062488	0.19779792037905194	3.8439999903900004	7.419999925800001
280	4587520	10	7.0	4.58257569495584	10.0	0.0	10	6.0	4.898979485566356	10.0	0.0	-0.012568951961439275	-2.427586855734834	0.23248912034618033	3.7034999907412502	7.043999929560001
284	4653056	10	4.0	4.898979485566356	10.0	0.0	10	6.0	4.898979485566356	10.0	0.0	-0.013611319107234881	-2.4198357609373944	0.20744981335177748	3.4902499912743745	7.342999926570001
288	4718592	10	3.0	4.58257569495584	10.0	0.0	10	4.0	4.898979485566356	10.0	0.0	-0.012282162475391148	-2.4042318982361732	0.22316828522990056	3.90849999022875	4.8459999515400005
292	4784128	10	5.0	5.0	10.0	0.0	10	4.0	4.898979485566356	10.0	0.0	-0.012442340927532266	-2.407040079183979	0.2364999229462953	3.4099999914750003	7.480999925190001
296	4849664	10	2.0	4.0	10.0	0.0	10	3.0	4.58257569495584	10.0	0.0	-0.011838895873834852	-2.3919099591664374	0.23947173602868074	3.572249991069375	6.541999934580001
300	4915200	10	7.0	4.58257569495584	10.0	0.0	10	6.0	4.898979485566356	10.0	0.0	-0.011512552852474472	-2.3659987571357757	0.2702511454029998	3.70449999073875	5.423999945760001
304	4980736	10	6.0	4.898979485566356	10.0	0.0	10	4.0	4.898979485566356	10.0	0.0	-0.012471948913939641	-2.3847669708231476	0.18990801086533735	3.535749991160625	7.464999925350001
308	5046272	10	3.0	4.58257569495584	10.0	0.0	10	5.0	5.0	10.0	0.0	-0.013425509584639266	-2.395890469102832	0.1983839572821537	3.439749991400625	7.609999923900001
312	5111808	10	5.3	4.775981574503821	10.0	0.0	10	7.0	4.58257569495584	10.0	0.0	-0.013513144591754376	-2.374734552950651	0.23483741669021596	3.534749991163125	7.431999925680001
316	5177344	10	7.0	4.58257569495584	10.0	0.0	10	4.0	4.898979485566356	10.0	0.0	-0.013422544806534778	-2.4037795759717078	0.25526530510260015	3.62349999094125	4.194999958050001
320	5242880	10	6.0	4.898979485566356	10.0	0.0	10	7.3	4.196427051671457	10.0	0.0	-0.013658031264430106	-2.415735766039979	0.19978966724840355	3.63549999091125	6.290999937090001
324	5308416	10	5.3	4.775981574503821	10.0	0.0	10	7.0	4.58257569495584	10.0	0.0	-0.013655104663275214	-2.420821472750265	0.19230921083299807	3.2939999917650002	4.548999954510001
328	5373952	10	5.0	5.0	10.0	0.0	10	4.3	4.73392015141785	10.0	0.0	-0.012866210867765767	-2.4316722301095925	0.19402644455274426	3.694749990763125	4.964999950350001
332	5439488	10	3.0	4.58257569495584	10.0	0.0	10	4.3	4.73392015141785	10.0	0.0	-0.012788260895105845	-2.435582272454709	0.2038675760637948	3.5734999910662504	6.557999934420001
336	5505024	10	4.0	4.898979485566356	10.0	0.0	10	6.0	4.898979485566356	10.0	0.0	-0.011841979451349932	-2.429135831440773	0.24751196783562152	3.1539999921150006	6.705999932940001
340	5570560	10	3.0	4.58257569495584	10.0	0.0	10	3.0	4.58257569495584	10.0	0.0	-0.011698322085667462	-2.422664664433365	0.2143183414756279	3.4819999912950004	5.245999947540001
344	5636096	10	4.0	4.898979485566356	10.0	0.0	10	7.0	4.58257569495584	10.0	0.0	-0.012564083392645446	-2.4510245717992296	0.21057362099468185	3.7372499906568755	2.0569999794300005
348	5701632	10	6.0	4.898979485566356	10.0	0.0	10	5.0	5.0	10.0	0.0	-0.01301707981823934	-2.4554783003951353	0.17838589907317845	3.41249999146875	4.49099995509
352	5767168	10	7.0	4.58257569495584	10.0	0.0	10	6.0	4.898979485566356	10.0	0.0	-0.012267743083243608	-2.4307700864922155	0.23192514352568078	3.5772499910568754	4.8299999517000005
356	5832704	10	3.0	4.58257569495584	10.0	0.0	10	5.0	5.0	10.0	0.0	-0.012445233853130002	-2.419599589950131	0.2162834034696927	3.7904999905237498	5.758999942410001
360	5898240	10	3.0	4.58257569495584	10.0	0.0	10	6.0	4.898979485566356	10.0	0.0	-0.013186315429711375	-2.4402593669733603	0.16580001814116	3.5677499910806247	4.074999959250001
364	5963776	10	2.6	3.878143885933063	10.0	0.0	10	5.0	5.0	10.0	0.0	-0.013324594237753657	-2.421835541472884	0.190944280455488	3.4699999913250004	7.124999928750001
368	6029312	10	3.3	4.473253849269008	10.0	0.0	10	6.0	4.898979485566356	10.0	0.0	-0.012659353156671773	-2.4394769169332604	0.18189875298457991	3.785749990535625	4.127999958720001
372	6094848	10	2.3	3.9509492530276824	10.0	0.0	10	6.0	4.898979485566356	10.0	0.0	-0.012118036838072619	-2.4301843590986496	0.2071101118905176	3.469999991325	7.8029999219700015
376	6160384	10	4.0	4.898979485566356	10.0	0.0	10	4.0	4.898979485566356	10.0	0.0	-0.013488903958012465	-2.4211410405696676	0.14771131502167517	3.4814999912962508	7.356999926430001
380	6225920	10	4.0	4.898979485566356	10.0	0.0	10	4.0	4.898979485566356	10.0	0.0	-0.013162132411852484	-2.366629048935414	0.22531266562466745	3.8162499904593754	5.5599999444
384	6291456	10	7.0	4.58257569495584	10.0	0.0	10	5.0	5.0	10.0	0.0	-0.01244915192962632	-2.4280504258924727	0.1964356632077716	3.8812499902968747	3.1849999681500005
388	6356992	10	5.0	5.0	10.0	0.0	10	4.0	4.898979485566356	10.0	0.0	-0.012864548912930263	-2.437601551159619	0.16835427623971974	3.2129999919675	7.062999929370001
392	6422528	10	6.3	4.605431575867782	10.0	0.0	10	7.0	4.58257569495584	10.0	0.0	-0.013173665081156154	-2.3863795074321525	0.22008680192944627	3.727749990680625	5.806999941930001
396	6488064	10	2.0	4.0	10.0	0.0	10	5.3	4.775981574503821	10.0	0.0	-0.01308383084066749	-2.424289832260007	0.19590224199439898	3.9042499902393755	7.088999929110002
400	6553600	10	3.0	4.58257569495584	10.0	0.0	10	3.3	4.473253849269008	10.0	0.0	-0.012916245775329422	-2.454972256961045	0.14954874228370058	3.3219999916950003	3.7909999620900003
404	6619136	10	6.0	4.898979485566356	10.0	0.0	10	3.3	4.473253849269008	10.0	0.0	-0.013348210606458933	-2.4761289107207047	0.16227889292114359	3.491749991270625	5.6109999438900005
408	6684672	10	4.0	4.898979485566356	10.0	0.0	10	6.3	4.605431575867782	10.0	0.0	-0.012057898652182283	-2.409817918884071	0.23101133711092342	3.781249990546875	4.686999953130001
412	6750208	10	5.6	4.521061822182926	10.0	0.0	10	8.3	4.243819034784589	13.0	0.0	-0.012886315524632753	-2.4437056603469043	0.19261075515466758	3.39049999152375	6.525999934740001
416	6815744	10	6.0	4.898979485566356	10.0	0.0	10	5.0	5.0	10.0	0.0	-0.014442414001386357	-2.3946359254408915	0.20739706851865136	3.456749991358125	6.076999939230001
420	6881280	10	4.0	4.898979485566356	10.0	0.0	10	7.3	4.196427051671457	10.0	0.0	-0.013646351873015843	-2.4114376179845554	0.19384962605466285	3.56399999109	6.187999938120001
424	6946816	10	6.0	4.898979485566356	10.0	0.0	10	4.0	4.898979485566356	10.0	0.0	-0.012958398152946613	-2.3810388070844906	0.19696982637479524	3.7647499905881254	6.143999938560001
428	7012352	10	7.0	4.58257569495584	10.0	0.0	10	4.0	4.898979485566356	10.0	0.0	-0.012934238536992727	-2.416614499933123	0.17842278643204867	3.463749991340625	5.518999944810001
432	7077888	10	5.3	5.367494760127856	13.0	0.0	10	7.0	4.58257569495584	10.0	0.0	-0.013484172274234537	-2.425797951465484	0.16221283684968027	3.357749991605625	7.442999925570001
436	7143424	10	5.0	5.0	10.0	0.0	10	5.0	5.0	10.0	0.0	-0.012200760081458869	-2.4178453780675633	0.15945215133530916	3.6739999908149996	3.7319999626800007
440	7208960	10	5.0	5.0	10.0	0.0	10	7.0	4.58257569495584	10.0	0.0	-0.013627276596804131	-2.4046669177689672	0.16235279026302304	3.6769999908074995	7.549999924500001
444	7274496	10	6.0	4.898979485566356	10.0	0.0	10	2.0	4.0	10.0	0.0	-0.012218409759892827	-2.4336264056412533	0.11641314857358057	3.33199999167	8.075999919240001
448	7340032	10	6.0	4.898979485566356	10.0	0.0	10	7.0	4.58257569495584	10.0	0.0	-0.01320908063021652	-2.40400435502124	0.18277900858120047	4.807749987980625	7.620999923790001
452	7405568	10	4.0	4.898979485566356	10.0	0.0	10	4.0	4.898979485566356	10.0	0.0	-0.012962294408846048	-2.4199257341486735	0.18134139856607712	4.515249988711875	7.406999925930001
456	7471104	10	7.0	4.58257569495584	10.0	0.0	10	4.3	4.73392015141785	10.0	0.0	-0.012711404413989049	-2.406779529897005	0.14080526748136726	4.07249998981875	7.409999925900001
460	7536640	10	5.0	5.0	10.0	0.0	10	4.0	4.898979485566356	10.0	0.0	-0.013117290127257526	-2.4204994363051573	0.17792638824020132	3.8114999904712503	7.540999924590001
464	7602176	10	4.0	4.898979485566356	10.0	0.0	10	7.0	4.58257569495584	10.0	0.0	-0.012944211570827488	-2.4131334669857862	0.17457927575379018	4.30049998924875	6.330999936690001
468	7667712	10	4.0	4.898979485566356	10.0	0.0	10	5.0	5.0	10.0	0.0	-0.01283263555147967	-2.400476758428704	0.14326922562964473	4.15649998960875	6.5389999346100005
472	7733248	10	3.3	4.473253849269008	10.0	0.0	10	5.3	4.775981574503821	10.0	0.0	-0.013792306959434123	-2.3710203143471285	0.16272029504037155	3.5467499911331255	5.816999941830001
476	7798784	10	6.0	4.898979485566356	10.0	0.0	10	5.0	5.0	10.0	0.0	-0.014048857804534796	-2.4009638922892416	0.18228740538123822	3.55149999112125	6.717999932820001
480	7864320	10	3.0	4.58257569495584	10.0	0.0	10	5.0	5.0	10.0	0.0	-0.013937979476762528	-2.431453751767718	0.15986905353962033	3.6069999909824997	6.63199993368
484	7929856	10	2.0	4.0	10.0	0.0	10	8.0	4.0	10.0	0.0	-0.01271177537626265	-2.4257148675577294	0.15957192655853197	3.8072499904818753	6.231999937680001
488	7995392	10	4.0	4.898979485566356	10.0	0.0	10	4.0	4.898979485566356	10.0	0.0	-0.012301373522184585	-2.446910045786125	0.12706193516725212	3.8504999903737502	5.074999949250001
492	8060928	10	3.0	4.58257569495584	10.0	0.0	10	6.0	4.898979485566356	10.0	0.0	-0.01266275747052505	-2.419726147995664	0.1403026281865072	3.595249991011875	6.747999932520002
496	8126464	10	3.0	4.58257569495584	10.0	0.0	10	3.0	4.58257569495584	10.0	0.0	-0.01355159708186684	-2.440450096869568	0.14163063216720914	3.3249999916874997	6.598999934010001
500	8192000	10	6.0	4.898979485566356	10.0	0.0	10	8.0	4.0	10.0	0.0	-0.012549976472560913	-2.423070425536158	0.15117418384156944	3.746249990634375	6.083999939160001
504	8257536	10	4.0	4.898979485566356	10.0	0.0	10	4.0	4.898979485566356	10.0	0.0	-0.011837309128147877	-2.4379805870298137	0.14759664166112577	3.85849999035375	4.966999950330001
508	8323072	10	6.0	4.898979485566356	10.0	0.0	10	6.0	4.898979485566356	10.0	0.0	-0.012465383950777603	-2.3990703793847947	0.18506852543226793	3.2174999919562497	6.1739999382600015
512	8388608	10	5.3	4.775981574503821	10.0	0.0	10	6.0	4.898979485566356	10.0	0.0	-0.012277543839379318	-2.418727755294619	0.15059268069437068	3.70049999074875	6.733999932660001
516	8454144	10	6.0	4.898979485566356	10.0	0.0	10	5.0	5.0	10.0	0.0	-0.012641395979291837	-2.445857234044406	0.16616200522030555	3.738249990654375	4.521999954780001
520	8519680	10	5.0	5.0	10.0	0.0	10	5.0	5.0	10.0	0.0	-0.011685019276527193	-2.456756432595243	0.15551098442258288	3.6814999907962505	6.3869999361300005
524	8585216	10	5.0	5.0	10.0	0.0	10	7.3	4.196427051671457	10.0	0.0	-0.013456788620829163	-2.416582102325164	0.1818602082595781	3.8192499904518753	6.856999931430002
528	8650752	10	5.0	5.0	10.0	0.0	10	7.0	4.58257569495584	10.0	0.0	-0.01332087051178647	-2.4103661996595607	0.16674281740376426	3.541249991146875	4.888999951110001
532	8716288	10	5.0	5.0	10.0	0.0	10	6.0	4.898979485566356	10.0	0.0	-0.012716170828337986	-2.45525972767924	0.1445316516178049	3.548249991129375	5.78399994216
536	8781824	10	4.0	4.898979485566356	10.0	0.0	10	4.0	4.898979485566356	10.0	0.0	-0.012213260769629279	-2.4905804542092915	0.112158144928939	3.8337499904156247	7.030999929690001
540	8847360	10	4.0	4.898979485566356	10.0	0.0	10	7.0	4.58257569495584	10.0	0.0	-0.012878301234369867	-2.472703007102726	0.1590878001714184	3.4472499913818755	5.071999949280001
544	8912896	10	4.0	4.898979485566356	10.0	0.0	10	3.0	4.58257569495584	10.0	0.0	-0.012815062127506818	-2.4150490360923245	0.1288597478086631	3.892249990269375	6.174999938250001
548	8978432	10	2.0	4.0	10.0	0.0	10	4.0	4.898979485566356	10.0	0.0	-0.013809924269557978	-2.4414032248099646	0.14076962530077916	3.7289999906775	5.447999945520001
552	9043968	10	5.0	5.0	10.0	0.0	10	7.3	4.196427051671457	10.0	0.0	-0.013891310759459574	-2.4664110017233867	0.17132823004465295	3.4487499913781257	6.783999932160001
556	9109504	10	4.0	4.898979485566356	10.0	0.0	10	10.0	0.0	10.0	10.0	-0.01402328209805444	-2.445453973853166	0.15428522902796368	3.395249991511875	3.6829999631700003
560	9175040	10	2.3	4.648655719667783	13.0	0.0	10	4.3	4.73392015141785	10.0	0.0	-0.012684314372151888	-2.4387901323480152	0.1522894596988025	3.811249990471875	5.945999940540001
564	9240576	10	7.0	4.58257569495584	10.0	0.0	10	7.3	4.196427051671457	10.0	0.0	-0.012929370513895718	-2.4585137166005433	0.1511322951252536	3.654749990863125	7.123999928760001
568	9306112	10	5.3	4.775981574503821	10.0	0.0	10	4.0	4.898979485566356	10.0	0.0	-0.012896547053838966	-2.3985108159467554	0.16975126646553504	3.4042499914893747	6.632999933670001
572	9371648	10	6.0	4.898979485566356	10.0	0.0	10	4.0	4.898979485566356	10.0	0.0	-0.012335556019558842	-2.3761837231624514	0.20878786987312833	3.59149999102125	6.6909999330900005
576	9437184	10	4.0	4.898979485566356	10.0	0.0	10	5.3	4.775981574503821	10.0	0.0	-0.013024886971690249	-2.3798269279305706	0.20185337896529248	3.6889999907775	6.6109999338900005
580	9502720	10	3.3	4.473253849269008	10.0	0.0	10	6.0	4.898979485566356	10.0	0.0	-0.0133649899760736	-2.402439879624134	0.18118486171253162	3.55049999112375	6.609999933900001
584	9568256	10	6.0	4.898979485566356	10.0	0.0	10	6.3	5.21632054229799	13.0	0.0	-0.012221696727101715	-2.412812451270221	0.1921915321721109	3.7112499907218752	6.518999934810001
588	9633792	10	5.0	5.0	10.0	0.0	10	8.3	4.243819034784589	13.0	0.0	-0.013215217861658336	-2.38661743427291	0.18307530396884	3.865249990336875	6.051999939480001
592	9699328	10	4.3	4.73392015141785	10.0	0.0	10	5.3	4.775981574503821	10.0	0.0	-0.0123872878890154	-2.38162099048522	0.14066506105872512	3.54449999113875	6.778999932210001
596	9764864	10	6.3	4.605431575867782	10.0	0.0	10	6.0	4.898979485566356	10.0	0.0	-0.012673862801010209	-2.3745516362299623	0.1523784152849485	3.405999991485	6.122999938770001
600	9830400	10	7.3	4.196427051671457	10.0	0.0	10	5.0	5.0	10.0	0.0	-0.013180196155332946	-2.3754073180267414	0.15066669088150209	3.7352499906618752	6.902999930970001
604	9895936	10	5.0	5.0	10.0	0.0	10	6.0	4.898979485566356	10.0	0.0	-0.01331899476506309	-2.377170465638971	0.13123471878343723	3.5689999910774994	7.099999929000001
608	9961472	10	7.0	4.58257569495584	10.0	0.0	10	5.0	5.0	10.0	0.0	-0.012543241996563717	-2.338465310389592	0.1637045670285417	3.66049999084875	7.026999929730001
612	10027008	10	5.0	5.0	10.0	0.0	10	6.0	4.898979485566356	10.0	0.0	-0.012516816957849869	-2.346757930769448	0.16349095841718883	4.3349999891625	5.110999948890001
616	10092544	10	4.3	4.73392015141785	10.0	0.0	10	7.0	4.58257569495584	10.0	0.0	-0.014061361923319221	-2.3726363105090567	0.1641335557043943	4.142249989644376	2.0649999793500005
620	10158080	10	8.6	4.454211490264018	13.0	0.0	10	4.3	4.73392015141785	10.0	0.0	-0.013244729199095412	-2.392385504890621	0.14303476618044247	4.397749989005625	4.599999954
624	10223616	10	3.0	4.58257569495584	10.0	0.0	10	7.0	4.58257569495584	10.0	0.0	-0.012877646498835405	-2.3729778699588526	0.16716680976683526	4.113249989716876	6.444999935550001
628	10289152	10	6.0	4.898979485566356	10.0	0.0	10	6.0	4.898979485566356	10.0	0.0	-0.01241801677307291	-2.3985976698482916	0.17882942057214515	4.690749988273125	5.4379999456200006
632	10354688	10	1.3	3.034798181098703	10.0	0.0	10	8.3	4.243819034784589	13.0	0.0	-0.012731130999971845	-2.4130048426459014	0.15395791656286154	4.85149998787125	6.5149999348500005
636	10420224	10	4.0	4.898979485566356	10.0	0.0	10	5.3	4.775981574503821	10.0	0.0	-0.01337623011792674	-2.379165085405634	0.15249500491930518	4.359999989099999	4.819999951800001
640	10485760	10	5.6	4.521061822182926	10.0	0.0	10	4.0	4.898979485566356	10.0	0.0	-0.012606026904198066	-2.3891201637680157	0.12677585142120132	4.3509999891225	6.57599993424
644	10551296	10	4.0	4.898979485566356	10.0	0.0	10	5.0	5.0	10.0	0.0	-0.013716374634073596	-2.4305856697213	0.1264252602767133	3.79199999052	6.510999934890001
648	10616832	10	6.0	4.898979485566356	10.0	0.0	10	6.0	4.898979485566356	10.0	0.0	-0.011743706455783131	-2.451101131481909	0.12269363566575908	4.212749989468125	4.721999952780001
652	10682368	10	7.0	4.58257569495584	10.0	0.0	10	4.3	4.73392015141785	10.0	0.0	-0.01301258148412335	-2.433289440716158	0.13266478718118277	4.155999989610001	6.065999939340001
656	10747904	10	6.0	4.898979485566356	10.0	0.0	10	6.0	4.898979485566356	10.0	0.0	-0.013081561079011471	-2.4135302501389613	0.18586497340588334	4.27049998932375	5.455999945440001
660	10813440	10	1.0	3.0	10.0	0.0	10	3.0	4.58257569495584	10.0	0.0	-0.01323222028788024	-2.4390687890293647	0.12913687688815992	4.0949999897625	6.493999935060001
664	10878976	10	2.0	4.0	10.0	0.0	10	6.3	4.605431575867782	10.0	0.0	-0.0131166021127056	-2.3829706432919973	0.19072538837355968	3.3419999916450003	6.693999933060001
668	10944512	10	8.0	4.0	10.0	0.0	10	6.0	4.898979485566356	10.0	0.0	-0.011531154619065977	-2.40001711472704	0.1452767193786965	3.52749999118125	5.169999948300001
672	11010048	10	3.0	4.58257569495584	10.0	0.0	10	5.0	5.0	10.0	0.0	-0.012992166616803516	-2.3731200195860467	0.15659690840711654	3.89249999026875	6.1979999380200015
676	11075584	10	5.3	4.775981574503821	10.0	0.0	10	4.6	5.161395160225576	13.0	0.0	-0.013769619866333958	-2.404822317011988	0.14804951612226752	3.783749990540625	6.6189999338100005
680	11141120	10	7.0	4.58257569495584	10.0	0.0	10	5.0	5.0	10.0	0.0	-0.013220764139822792	-2.4012163328610003	0.14541161159711827	3.4072499914818755	5.0729999492700015
684	11206656	10	6.0	4.898979485566356	10.0	0.0	10	7.0	4.58257569495584	10.0	0.0	-0.013468726277209552	-2.3653894138852465	0.18456275464286126	3.57049999107375	3.5039999649600007
688	11272192	10	5.0	5.0	10.0	0.0	10	7.0	4.58257569495584	10.0	0.0	-0.013532188443105156	-2.3935105152418434	0.13453165704224837	3.73749999065625	4.556999954430001
692	11337728	10	7.0	4.58257569495584	10.0	0.0	10	5.6	5.695612346359257	13.0	0.0	-0.012657164297601118	-2.3966579881794177	0.1252796170947338	3.247749991880625	6.767999932320001
696	11403264	10	5.0	5.0	10.0	0.0	10	6.6	4.923413450036469	13.0	0.0	-0.012843347858987744	-2.3816966362300125	0.12963776289066323	3.5734999910662504	6.501999934980001
700	11468800	10	5.3	4.775981574503821	10.0	0.0	10	4.0	4.898979485566356	10.0	0.0	-0.012618542632985523	-2.4031607009450697	0.140870309730598	3.7492499906268755	6.100999938990001
704	11534336	10	6.0	4.898979485566356	10.0	0.0	10	8.0	4.0	10.0	0.0	-0.013335582604794862	-2.3657207958419484	0.1733000910815628	3.6694999908262504	4.662999953370001
708	11599872	10	2.0	4.0	10.0	0.0	10	4.0	4.898979485566356	10.0	0.0	-0.01425477609006281	-2.375082373371675	0.15420798986785622	3.32399999169	8.08799991912
712	11665408	10	7.0	4.58257569495584	10.0	0.0	10	6.0	4.898979485566356	10.0	0.0	-0.013330747502980736	-2.37388543263185	0.19439408895086874	3.7894999905262505	4.51499995485
716	11730944	10	4.0	4.898979485566356	10.0	0.0	10	4.6	4.5431266766402185	10.0	0.0	-0.01232929923443216	-2.4139208195079185	0.1591701704532502	3.84049999039875	6.509999934900001
720	11796480	10	6.0	4.898979485566356	10.0	0.0	10	5.3	4.775981574503821	10.0	0.0	-0.012812117387389597	-2.395729131747076	0.18678415494887954	3.7597499906006253	6.110999938890001
724	11862016	10	6.3	5.21632054229799	13.0	0.0	10	5.0	5.0	10.0	0.0	-0.013435303089070556	-2.362690771373365	0.15221098995113325	3.6197499909506248	2.42399997576
728	11927552	10	4.0	4.898979485566356	10.0	0.0	10	4.3	4.73392015141785	10.0	0.0	-0.01331829677032264	-2.38403145447375	0.12623634001787817	3.5077499912306256	5.988999940110001
732	11993088	10	6.0	4.898979485566356	10.0	0.0	10	6.0	4.898979485566356	10.0	0.0	-0.013156786217671761	-2.3853137068449275	0.12643587696601175	3.8169999904575	5.897999941020001
736	12058624	10	4.0	4.898979485566356	10.0	0.0	10	7.0	4.58257569495584	10.0	0.0	-0.01205655122850579	-2.402955484636656	0.1878154782072267	3.9312499901718754	4.995999950040002
740	12124160	10	5.0	5.0	10.0	0.0	10	7.0	4.58257569495584	10.0	0.0	-0.013114832968462534	-2.3833801992238404	0.13243012291862435	3.523249991191875	7.458999925410001
744	12189696	10	6.0	4.898979485566356	10.0	0.0	10	6.0	4.898979485566356	10.0	0.0	-0.012174028969886735	-2.3622164947314097	0.1337472768361127	3.4434999913912505	7.108999928910001
748	12255232	10	5.0	5.0	10.0	0.0	10	5.3	5.367494760127856	13.0	0.0	-0.012698271325048732	-2.3772388644523703	0.16169548975947745	3.717999990705	6.373999936260001
752	12320768	10	5.3	4.775981574503821	10.0	0.0	10	6.0	4.898979485566356	10.0	0.0	-0.012937990847772057	-2.406901202845194	0.175813362760161	3.825999990435	4.696999953030001
756	12386304	10	4.0	4.898979485566356	10.0	0.0	10	4.3	4.73392015141785	10.0	0.0	-0.01255386101780657	-2.3756682845462294	0.11404132531388789	3.83749999040625	6.920999930790002
760	12451840	10	6.0	4.898979485566356	10.0	0.0	10	8.0	4.0	10.0	0.0	-0.012687951111620487	-2.400983844944078	0.1547661862019664	3.50449999123875	4.131999958680001
764	12517376	10	6.0	4.898979485566356	10.0	0.0	10	4.0	4.898979485566356	10.0	0.0	-0.012034558318756945	-2.3241376526716313	0.18079863882602937	3.5557499911106247	6.4269999357300005
768	12582912	10	6.0	4.898979485566356	10.0	0.0	10	7.0	4.58257569495584	10.0	0.0	-0.013055950457635846	-2.381623928497502	0.1546864656104693	3.80949999047625	5.587999944120001
772	12648448	10	3.0	4.58257569495584	10.0	0.0	10	6.6	4.923413450036469	13.0	0.0	-0.013067226945322585	-2.3876958983636216	0.17922246656065896	3.612749990968125	6.747999932520002
776	12713984	10	7.3	4.196427051671457	10.0	0.0	10	6.0	4.898979485566356	10.0	0.0	-0.01335531366791691	-2.3492425851560275	0.18348138296307184	3.4089999914774998	4.45099995549
780	12779520	10	5.3	4.775981574503821	10.0	0.0	10	8.2	4.935585071701227	13.0	0.0	-0.013331993969107364	-2.3318327091688804	0.1841327049577656	3.53349999116625	6.047999939520001
784	12845056	10	8.0	4.0	10.0	0.0	10	5.0	5.0	10.0	0.0	-0.013300185417826193	-2.31106223390268	0.1473732183844316	3.78349999054125	3.0889999691100005
788	12910592	10	3.0	4.58257569495584	10.0	0.0	10	7.0	4.58257569495584	10.0	0.0	-0.012504668989914664	-2.3168027820756687	0.15974114352414998	3.279749991800625	4.614999953850001
792	12976128	10	3.0	4.58257569495584	10.0	0.0	10	6.3	4.605431575867781	10.0	0.0	-0.012184898440504579	-2.3547378080617265	0.17206035645748988	3.5074999912312506	6.507999934920001
796	13041664	10	3.6	4.340506882842141	10.0	0.0	10	3.0	4.58257569495584	10.0	0.0	-0.013021641589004441	-2.3634246336938705	0.17277978133783511	3.7529999906175	6.429999935700001
800	13107200	10	2.0	4.0	10.0	0.0	10	7.3	4.196427051671457	10.0	0.0	-0.01310278078850931	-2.361947839212747	0.16290449108783722	3.74399999064	6.086999939130001
804	13172736	10	7.0	4.58257569495584	10.0	0.0	10	5.6	5.141984052872977	13.0	0.0	-0.013956089694209585	-2.336378484720998	0.15602470203229746	3.5542499911143746	4.939999950600001
808	13238272	10	5.0	5.0	10.0	0.0	10	7.6	4.476605857119878	13.0	0.0	-0.01211513166703822	-2.3535657522610927	0.14729990195500797	3.34749999163125	7.174999928250001
812	13303808	10	4.0	4.898979485566356	10.0	0.0	10	6.6	4.923413450036469	13.0	0.0	-0.012256471921557842	-2.344546029720859	0.1999443884109798	3.815249990461875	6.565999934340001
816	13369344	10	3.0	4.58257569495584	10.0	0.0	10	5.6	5.141984052872977	13.0	0.0	-0.01336816967869003	-2.334612915670075	0.21133995333347658	3.849999990375	6.273999937260001
820	13434880	10	6.0	4.898979485566356	10.0	0.0	10	6.3	5.21632054229799	13.0	0.0	-0.012288629151279764	-2.332194700594198	0.1595045503373193	3.8234999904412503	6.113999938860001
824	13500416	10	6.6	5.499090833947008	13.0	0.0	10	8.6	4.454211490264018	13.0	0.0	-0.011946655488492724	-2.3391539079494494	0.2157814961943762	3.54249999114375	6.6349999336500005
828	13565952	10	4.3	4.73392015141785	10.0	0.0	10	6.0	4.898979485566356	10.0	0.0	-0.012767764246022436	-2.3534929427039804	0.20265058488026313	3.3852499915368752	5.012999949870001
832	13631488	10	4.3	4.73392015141785	10.0	0.0	10	4.0	4.898979485566356	10.0	0.0	-0.014018577100063719	-2.354576008769974	0.1622484336282929	3.681999990795	4.098999959010001
836	13697024	10	6.3	5.21632054229799	13.0	0.0	10	7.0	4.58257569495584	10.0	0.0	-0.012176910731740173	-2.357150921973422	0.19728882895900582	3.7989999905025	6.139999938600001
840	13762560	10	2.3	3.9509492530276824	10.0	0.0	10	5.3	4.775981574503821	10.0	0.0	-0.013134438062930421	-2.3036321275020106	0.1697098746098127	3.5779999910550004	6.4829999351700005
844	13828096	10	3.0	4.58257569495584	10.0	0.0	10	6.6	4.476605857119878	10.0	0.0	-0.012486782003697823	-2.347473792487233	0.1769796972133888	3.45999999135	5.425999945740001
848	13893632	10	4.0	4.898979485566356	10.0	0.0	10	8.6	3.720215047547655	13.0	0.0	-0.012300569342118723	-2.3143934903118195	0.18656176613873499	3.366249991584375	3.5049999649500005
852	13959168	10	3.3	4.473253849269008	10.0	0.0	10	3.3	4.473253849269008	10.0	0.0	-0.012984692224423418	-2.332244405900882	0.15970680383698743	3.8929999902675	5.063999949360001
856	14024704	10	4.0	4.898979485566356	10.0	0.0	10	4.9	4.323193264243458	10.0	0.0	-0.012755449403999367	-2.3051169686101782	0.18183078545114265	3.770249990574375	5.625999943740001
860	14090240	10	3.6	4.340506882842141	10.0	0.0	10	6.6	4.2708313008125245	10.0	0.0	-0.013586217451220912	-2.2271196517015195	0.15910058955867298	3.5469999911324996	6.523999934760001
864	14155776	10	2.0	4.0	10.0	0.0	10	4.0	4.898979485566356	10.0	0.0	-0.01253753746874649	-2.172137431574101	0.19372876754806542	3.212249991969375	4.237999957620001
868	14221312	10	6.3	4.605431575867782	10.0	0.0	10	6.0	4.898979485566356	10.0	0.0	-0.0128294470037241	-2.2953517136566983	0.1597098578377348	3.820249990449375	4.37899995621
872	14286848	10	5.3	5.367494760127856	13.0	0.0	10	7.0	4.58257569495584	10.0	0.0	-0.012079400165581788	-2.299415948250779	0.1622706997660147	3.571249991071875	4.9929999500700015
876	14352384	10	4.6	4.5431266766402185	10.0	0.0	10	5.6	5.141984052872976	13.0	0.0	-0.012937375529737968	-2.328069942450408	0.15448505926509803	3.420749991448125	6.990999930090001
880	14417920	10	6.3	5.21632054229799	13.0	0.0	10	5.0	5.0	10.0	0.0	-0.013888619614356352	-2.283034103374289	0.1814557469726582	3.75349999061625	6.493999935060001
884	14483456	10	5.0	5.0	10.0	0.0	10	6.3	5.21632054229799	13.0	0.0	-0.012946240253329265	-2.3457170970778005	0.19744230533135101	3.4929999912675003	6.064999939350002
888	14548992	10	2.9	3.7802116342871597	10.0	0.0	10	4.0	4.898979485566356	10.0	0.0	-0.01276160780605252	-2.3388629131066323	0.1493924632512878	3.628249990929375	6.278999937210001
892	14614528	10	5.3	4.775981574503821	10.0	0.0	10	6.0	4.898979485566356	10.0	0.0	-0.013162221119115048	-2.328420579190897	0.17600622701487878	3.673749990815625	4.6379999536200005
896	14680064	10	4.0	4.898979485566356	10.0	0.0	10	7.3	4.859012245302536	13.0	0.0	-0.013292132865727536	-2.3257947611372893	0.17626943980680584	3.4252499914368753	6.71199993288
900	14745600	10	4.3	4.73392015141785	10.0	0.0	10	6.0	4.898979485566356	10.0	0.0	-0.013188717134795415	-2.3032886309012595	0.19401931589931803	3.462249991344375	3.2609999673900005
904	14811136	10	6.0	4.898979485566356	10.0	0.0	10	4.3	4.73392015141785	10.0	0.0	-0.013018496308943478	-2.310578894871193	0.1966335901320045	3.71049999072375	6.373999936260001
908	14876672	10	5.3	4.775981574503821	10.0	0.0	10	6.6	4.923413450036469	13.0	0.0	-0.012995474519367776	-2.3477360181548415	0.1644922605699566	3.8782499903043757	4.192999958070001
912	14942208	10	3.0	4.58257569495584	10.0	0.0	10	4.6	5.161395160225576	13.0	0.0	-0.013770797383060923	-2.344399640713306	0.13049186982096922	3.589749991025625	6.609999933900001
916	15007744	10	3.0	4.58257569495584	10.0	0.0	10	6.6	4.2708313008125245	10.0	0.0	-0.01272152924855282	-2.33377583300599	0.16558197651196266	3.49449999126375	6.962999930370001
920	15073280	10	6.0	4.898979485566356	10.0	0.0	10	5.3	4.775981574503821	10.0	0.0	-0.012590034548239933	-2.356068824482906	0.16689830287173335	3.443249991391875	5.678999943210001
924	15138816	10	4.6	4.5431266766402185	10.0	0.0	10	7.6	4.476605857119878	13.0	0.0	-0.011722814678545567	-2.288663543522374	0.2233603171150674	3.5249999911875003	4.601999953980001
928	15204352	10	6.3	4.605431575867781	10.0	0.0	10	8.0	4.0	10.0	0.0	-0.013370939385945585	-2.311448094504701	0.1916696500454366	3.6649999908375	3.413999965860001
932	15269888	10	5.0	5.0	10.0	0.0	10	7.3	4.196427051671457	10.0	0.0	-0.012573434926307466	-2.3162473288745917	0.1858494449989371	3.4989999912524996	6.643999933560001
936	15335424	10	6.3	4.605431575867782	10.0	0.0	10	7.0	4.58257569495584	10.0	0.0	-0.013195002796985206	-2.2745695335283815	0.1593302829646001	3.5359999911600006	4.04299995957
940	15400960	10	4.3	4.73392015141785	10.0	0.0	10	6.0	4.898979485566356	10.0	0.0	-0.012910432760558858	-2.317924536523171	0.16862179414785775	3.6054999909862504	6.033999939660001
944	15466496	10	2.0	4.0	10.0	0.0	10	7.0	4.58257569495584	10.0	0.0	-0.012328983654322593	-2.2843456911648	0.15843653995445542	3.73999999065	5.5599999444
948	15532032	10	4.0	4.898979485566356	10.0	0.0	10	8.0	4.0	10.0	0.0	-0.013428731696387307	-2.2840525356536108	0.16824879511059107	4.009249989976875	5.608999943910001
952	15597568	10	5.6	4.521061822182927	10.0	0.0	10	6.3	4.605431575867781	10.0	0.0	-0.013056201133778183	-2.262302237016738	0.14819690164497537	3.7989999905024994	6.1899999381000015
956	15663104	10	3.0	4.58257569495584	10.0	0.0	10	7.0	4.58257569495584	10.0	0.0	-0.01159910886660466	-2.258253241343503	0.22331754053789718	3.4837499912906247	5.72499994275
960	15728640	10	5.3	4.775981574503821	10.0	0.0	10	6.0	4.898979485566356	10.0	0.0	-0.012993803416228232	-2.2734291029588514	0.15150091112565395	3.5204999911987502	5.54399994456
964	15794176	10	6.0	4.898979485566356	10.0	0.0	10	4.9	4.968903299521938	13.0	0.0	-0.012709717982832132	-2.3105940170662764	0.11880089690602602	3.8717499903206245	4.3499999565000005
968	15859712	10	5.0	5.0	10.0	0.0	10	9.3	3.2264531609803355	13.0	0.0	-0.013107513117422146	-2.30461499567662	0.15529658123785353	3.8217499904456247	4.988999950110001
972	15925248	10	6.3	4.605431575867781	10.0	0.0	10	6.0	4.898979485566356	10.0	0.0	-0.012734920408433728	-2.310724881547394	0.17830299126300073	3.48749999128125	5.82399994176
976	15990784	10	4.0	4.898979485566356	10.0	0.0	10	4.0	4.898979485566356	10.0	0.0	-0.012923791766770415	-2.2642177092657283	0.21541279047656786	3.4172499914568752	5.999999940000001
980	16056320	10	6.0	4.898979485566356	10.0	0.0	10	6.3	4.605431575867781	10.0	0.0	-0.012412990519725683	-2.347974528624412	0.1784718340697744	3.7989999905025	3.941999960580001
984	16121856	10	8.0	4.0	10.0	0.0	10	4.0	4.898979485566356	10.0	0.0	-0.012818649538408118	-2.3311076360499516	0.20225007162495706	3.78549999053625	5.966999940330001
988	16187392	10	7.0	4.58257569495584	10.0	0.0	10	6.0	4.898979485566356	10.0	0.0	-0.01250238457933065	-2.3797019941116075	0.12679199477268246	3.728749990678125	2.7789999722100003
992	16252928	10	3.3	4.473253849269008	10.0	0.0	10	8.0	4.0	10.0	0.0	-0.01326765313916781	-2.3783599359299847	0.13766487888178705	3.4332499914168753	7.269999927300001
996	16318464	10	6.0	4.898979485566356	10.0	0.0	10	4.0	4.898979485566356	10.0	0.0	-0.011298055308276166	-2.332308821137189	0.16617102476899892	3.6554999908612507	7.0139999298600015
1000	16384000	10	4.3	4.73392015141785	10.0	0.0	10	8.0	4.0	10.0	0.0	-0.012824026694213807	-2.3558304158379366	0.15264435118647324	3.507249991231875	4.475999955240001
1004	16449536	10	2.0	4.0	10.0	0.0	10	6.6	4.2708313008125245	10.0	0.0	-0.013000419362025267	-2.318164194382154	0.1482045086101538	3.545749991135625	6.959999930400001
1008	16515072	10	4.0	4.898979485566356	10.0	0.0	10	3.6	4.340506882842141	10.0	0.0	-0.012904363910992013	-2.347152103735887	0.14010863796279682	3.733749990665625	6.153999938460001
1012	16580608	10	3.3	4.473253849269008	10.0	0.0	10	9.6	3.411744421846396	13.0	0.0	-0.012289877085937172	-2.372196857880808	0.14872621448403092	3.8142499904643756	4.86699995133
1016	16646144	10	6.0	4.898979485566356	10.0	0.0	10	6.9	4.592385001282014	13.0	0.0	-0.013134202268546724	-2.316551392035774	0.14686942618983448	3.6869999907824997	5.995999940040002
1020	16711680	10	5.0	5.0	10.0	0.0	10	5.0	5.0	10.0	0.0	-0.012996612796855333	-2.2704666701574365	0.1624041861530102	3.6849999907875	6.5949999340500005
1024	16777216	10	7.0	4.58257569495584	10.0	0.0	10	9.3	2.1	10.0	3.0	-0.013050668612024256	-2.3286955031313683	0.16767918091693773	3.5942499910143746	4.01599995984
1028	16842752	10	2.9	3.7802116342871597	10.0	0.0	10	4.6	4.5431266766402185	10.0	0.0	-0.01206209309743993	-2.3400732475068424	0.14054671029338	3.4757499913106247	6.988999930110001
1032	16908288	10	8.0	4.0	10.0	0.0	10	5.0	5.0	10.0	0.0	-0.012574088811767546	-2.274905567130902	0.20328749946994953	3.387249991531875	5.379999946200001
1036	16973824	10	6.0	4.898979485566356	10.0	0.0	10	6.0	4.898979485566356	10.0	0.0	-0.012247847765378437	-2.3126023558353443	0.2003573998600155	3.6089999909775	5.145999948540001
1040	17039360	10	5.3	4.775981574503821	10.0	0.0	10	7.0	4.58257569495584	10.0	0.0	-0.012634977859506354	-2.3633599378190273	0.14892799351365243	3.83649999040875	3.8059999619400005
1044	17104896	10	4.3	4.73392015141785	10.0	0.0	10	8.0	4.0	10.0	0.0	-0.013559029612631139	-2.3291138805506373	0.15117616616166932	3.5439999911399998	3.7929999620700006
1048	17170432	10	8.0	4.0	10.0	0.0	10	8.0	4.0	10.0	0.0	-0.012317783294980364	-2.344520372404813	0.14914558267529898	3.673999990815	2.7409999725900005
1052	17235968	10	4.3	4.73392015141785	10.0	0.0	10	7.0	4.58257569495584	10.0	0.0	-0.013384401488838543	-2.291707567631897	0.15898044801523753	3.4029999914925004	6.479999935200001
1056	17301504	10	6.0	4.898979485566356	10.0	0.0	10	5.3	4.775981574503821	10.0	0.0	-0.012590076496560893	-2.309279106316819	0.16729667998349435	3.7344999906637497	1.00499998995
1060	17367040	10	5.3	4.775981574503821	10.0	0.0	10	8.3	3.4655446902326914	10.0	0.0	-0.012500082769506662	-2.320279841380021	0.1630271066896919	3.778749990553125	4.744999952550001
1064	17432576	10	5.3	4.775981574503821	10.0	0.0	10	7.0	4.58257569495584	10.0	0.0	-0.013179768860170183	-2.286169675251124	0.18610380525935252	3.7209999906975	3.865999961340001
1068	17498112	10	3.0	4.58257569495584	10.0	0.0	10	6.9	4.592385001282013	13.0	0.0	-0.012830176777422087	-2.2964471849393844	0.153007672462817	3.4192499914518755	6.596999934030001
1072	17563648	10	5.3	4.775981574503821	10.0	0.0	10	5.3	4.775981574503821	10.0	0.0	-0.013238300745024799	-2.3176084282566913	0.13128038230536804	3.33549999166125	6.710999932890001
1076	17629184	10	6.0	4.898979485566356	10.0	0.0	10	7.2	4.422668877499196	13.0	0.0	-0.012898805649325369	-2.2973485710810673	0.1294786802668603	3.6022499909943746	6.7069999329300005
1080	17694720	10	3.0	4.58257569495584	10.0	0.0	10	5.3	4.775981574503821	10.0	0.0	-0.012221208387867234	-2.2789813153555305	0.1670581780510472	3.792249990519375	6.4349999356500005
1084	17760256	10	4.0	4.898979485566356	10.0	0.0	10	5.6	4.521061822182926	10.0	0.0	-0.01299073993005744	-2.2825486905978694	0.15599624174574275	3.730749990673125	6.027999939720001
1088	17825792	10	5.3	5.367494760127857	13.0	0.0	10	5.3	4.775981574503821	10.0	0.0	-0.013627891235748844	-2.2751579009110054	0.19216526864267885	3.94149999014625	5.848999941510002
1092	17891328	10	7.0	4.58257569495584	10.0	0.0	10	6.6	4.923413450036469	13.0	0.0	-0.012101286378262868	-2.250096094870627	0.14625365844335575	3.56449999108875	5.029999949700001
1096	17956864	10	6.0	4.898979485566356	10.0	0.0	10	7.3	4.859012245302536	13.0	0.0	-0.013636272176067787	-2.2063968676017147	0.2132435872307815	3.3607499915981256	6.111999938880001
1100	18022400	10	3.3	4.473253849269008	10.0	0.0	10	7.3	4.859012245302536	13.0	0.0	-0.01302823682257547	-2.2389967116368057	0.1336564700135192	3.765249990586875	6.204999937950001
1104	18087936	10	6.0	4.898979485566356	10.0	0.0	10	4.6	4.737087712930805	10.0	0.0	-0.01318150068845197	-2.279387344679225	0.17059864575439335	3.59849999100375	6.380999936190001
1108	18153472	10	4.0	4.898979485566356	10.0	0.0	10	7.6	5.102940328869229	13.0	0.0	-0.012735465025987689	-2.271975807608928	0.14513167225175283	3.4254999914362503	6.560999934390001
1112	18219008	10	8.3	4.243819034784589	13.0	0.0	10	5.3	4.775981574503821	10.0	0.0	-0.012192284199594347	-2.2011396857790086	0.13158586550064605	3.4032499914918755	6.507999934920001
1116	18284544	10	4.3	4.73392015141785	10.0	0.0	10	9.0	3.0	10.0	0.0	-0.01177337296756823	-2.2194256606372953	0.20131465107589028	3.5534999911162504	4.109999958900001
1120	18350080	10	4.6	4.5431266766402185	10.0	0.0	10	7.3	4.196427051671457	10.0	0.0	-0.011279434095475278	-2.186516985069441	0.14574645046799617	3.637999990905	3.5569999644300005
1124	18415616	10	6.0	4.898979485566356	10.0	0.0	10	6.6	5.660388679233963	16.0	0.0	-0.012737637183097643	-2.2348047070360817	0.16515221848605327	3.4494999913762503	3.2509999674900003
1128	18481152	10	5.6	4.521061822182927	10.0	0.0	10	3.5	3.9812058474788765	10.0	0.0	-0.011008507614623493	-2.255951940778341	0.21096502770024408	3.5414999911462504	6.712999932870001
1132	18546688	10	4.0	4.898979485566356	10.0	0.0	10	6.0	4.898979485566356	10.0	0.0	-0.012736463823367794	-2.207471968997051	0.20859625979947755	3.66449999083875	3.9929999600700006
1136	18612224	10	4.0	4.898979485566356	10.0	0.0	10	5.3	4.775981574503821	10.0	0.0	-0.013633000966157771	-2.208647894132541	0.19469086878146744	3.733999990665	6.7739999322600015
1140	18677760	10	6.3	4.605431575867782	10.0	0.0	10	8.3	4.243819034784589	13.0	0.0	-0.012441171028732921	-2.243747611606842	0.1720869554958794	3.5349999911625	4.88499995115
1144	18743296	10	5.0	5.0	10.0	0.0	10	6.0	4.898979485566356	10.0	0.0	-0.0125909169399995	-2.2227429074713867	0.1727833653775427	3.847749990380625	6.856999931430002
1148	18808832	10	4.0	4.898979485566356	10.0	0.0	10	5.0	5.0	10.0	0.0	-0.012636216775614299	-2.2559566197429555	0.1705197001784987	4.25749998935625	6.675999933240001
1152	18874368	10	4.6	4.5431266766402185	10.0	0.0	10	6.0	4.898979485566356	10.0	0.0	-0.014785715108070285	-2.2952488459739344	0.1277745846370626	3.7682499905793754	6.823999931760001
1156	18939904	10	5.3	4.775981574503821	10.0	0.0	10	5.0	5.0	10.0	0.0	-0.012222004473430251	-2.309619744378148	0.15480862269117646	4.24149998939625	6.563999934360001
1160	19005440	10	9.0	3.0	10.0	0.0	10	7.0	4.58257569495584	10.0	0.0	-0.013086669066828548	-2.2882275926670053	0.11665818101753045	4.328249989179374	2.1149999788500007
1164	19070976	10	5.0	5.0	10.0	0.0	10	8.9	3.3600595232822883	13.0	0.0	-0.01272392055386811	-2.2420841676641508	0.13664341165502558	4.3429999891425	5.7699999423
1168	19136512	10	4.3	4.73392015141785	10.0	0.0	10	4.0	4.898979485566356	10.0	0.0	-0.013788647053316483	-2.2150268751062328	0.13087062908835928	4.1629999895925005	6.276999937230001
1172	19202048	10	4.6	5.161395160225576	13.0	0.0	10	4.3	4.73392015141785	10.0	0.0	-0.013545418332598222	-2.220615689721854	0.15844063963642843	4.3134999892162496	6.303999936960001
1176	19267584	10	5.0	5.0	10.0	0.0	10	7.3	4.196427051671457	10.0	0.0	-0.012880568565856043	-2.1724419020336896	0.17641012950825397	4.62949998842625	4.211999957880001
1180	19333120	10	4.3	4.73392015141785	10.0	0.0	10	6.6	4.2708313008125245	10.0	0.0	-0.012630643816513276	-2.215892463691678	0.16374634344287708	4.39849998900375	6.263999937360001
1184	19398656	10	6.3	4.605431575867781	10.0	0.0	10	8.0	4.0	10.0	0.0	-0.011721413336385178	-2.2522368652262643	0.1581195197679549	4.271249989321875	4.603999953960001
1188	19464192	10	5.3	4.775981574503821	10.0	0.0	10	7.3	4.196427051671457	10.0	0.0	-0.01182826843067106	-2.2753812643502243	0.15632251640705605	4.017249989956876	7.014999929850001
1192	19529728	10	5.6	5.141984052872977	13.0	0.0	10	5.3	5.367494760127857	13.0	0.0	-0.011442277666619236	-2.2753003758802186	0.18971605170094152	4.3059999892350005	8.791999912080001
1196	19595264	10	6.6	4.476605857119878	10.0	0.0	10	6.3	5.21632054229799	13.0	0.0	-0.011583235624135955	-2.3052977494977633	0.13407685202701988	3.6589999908525	5.028999949710001
1200	19660800	10	3.0	4.58257569495584	10.0	0.0	10	7.9	5.3188344587888805	13.0	0.0	-0.01356174164397702	-2.222583780454541	0.1529471737483763	4.445749988885625	4.79399995206
1204	19726336	10	7.0	4.58257569495584	10.0	0.0	10	5.3	4.775981574503821	10.0	0.0	-0.012046324040620952	-2.2625325319794376	0.15381075773959035	3.3739999915650003	5.149999948500001
1208	19791872	10	5.3	4.775981574503821	10.0	0.0	10	7.3	4.196427051671457	10.0	0.0	-0.012413385499935366	-2.2088278852585828	0.189904673626112	3.900249990249375	5.0809999491900015
1212	19857408	10	4.0	4.898979485566356	10.0	0.0	10	8.0	4.0	10.0	0.0	-0.012306684709307911	-2.2370678581450645	0.17595642686851284	3.8982499902543752	6.982999930170001
1216	19922944	10	3.0	4.58257569495584	10.0	0.0	10	6.3	4.605431575867781	10.0	0.0	-0.012882965115924114	-2.247436175509631	0.1675177148834462	4.2449999893875	5.356999946430001
1220	19988480	10	5.0	5.0	10.0	0.0	10	5.3	4.775981574503821	10.0	0.0	-0.01250127100856983	-2.2356038563108243	0.19453147750184127	3.9114999902212504	4.899999951000001
1224	20054016	10	8.6	3.720215047547655	13.0	0.0	10	6.0	4.898979485566356	10.0	0.0	-0.01334206631612557	-2.2817824182517703	0.14407396299505507	3.7744999905637497	6.022999939770001
1228	20119552	10	5.0	5.0	10.0	0.0	10	6.9	4.109744517606903	10.0	0.0	-0.012916981949444791	-2.2938249083950866	0.15478810681901303	3.68799999078	6.4349999356500005
1232	20185088	10	6.3	4.605431575867782	10.0	0.0	10	6.3	4.605431575867781	10.0	0.0	-0.012567769060503676	-2.320956115679572	0.14725785483624426	3.8467499903831253	5.3819999461800005
1236	20250624	10	5.0	5.0	10.0	0.0	10	4.3	4.73392015141785	10.0	0.0	-0.013714637688368288	-2.283712739507889	0.1624736042989675	3.837999990405	6.297999937020001
1240	20316160	10	6.0	4.898979485566356	10.0	0.0	10	6.3	4.605431575867782	10.0	0.0	-0.01279198490483538	-2.2987696848898693	0.14758856375716548	3.7939999905149997	7.113999928860001
1244	20381696	10	6.3	4.605431575867781	10.0	0.0	10	5.3	4.775981574503821	10.0	0.0	-0.014458903351330554	-2.299885235487262	0.14841137545499994	3.809999990475	5.76199994238
1248	20447232	10	2.6	3.8781438859330635	10.0	0.0	10	8.3	4.243819034784589	13.0	0.0	-0.013955791738894678	-2.288477577030694	0.14640441791492043	3.7537499906156246	7.792999922070002
1252	20512768	10	4.0	4.898979485566356	10.0	0.0	10	8.0	4.0	10.0	0.0	-0.013992025916860067	-2.3070577902178835	0.15212706956048638	3.681749990795625	6.8299999317000015
1256	20578304	10	4.6	4.5431266766402185	10.0	0.0	10	5.2	4.069397989875161	10.0	0.0	-0.013313097523807195	-2.3032341025854035	0.15371373053591145	3.2899999917750002	7.0699999293000015
1260	20643840	10	6.6	5.499090833947008	13.0	0.0	10	8.0	4.0	10.0	0.0	-0.013691190221317732	-2.3418200063252868	0.11612803736112821	3.5574999911062504	4.332999956670001
1264	20709376	10	5.0	5.0	10.0	0.0	10	8.3	4.243819034784589	13.0	0.0	-0.013453544518711894	-2.3399805896030217	0.11644149508356076	3.7882499905293754	3.1729999682700005
1268	20774912	10	7.3	4.859012245302536	13.0	0.0	10	6.9	4.784349485562274	13.0	0.0	-0.012759033254532074	-2.30950566108806	0.14535000507447515	3.553249991116875	7.003999929960001
1272	20840448	10	6.0	4.898979485566356	10.0	0.0	10	10.0	0.0	10.0	10.0	-0.012234437935390292	-2.312506168839848	0.1308057492773076	3.531749991170625	5.392999946070001
1276	20905984	10	5.3	4.775981574503821	10.0	0.0	10	6.3	4.605431575867782	10.0	0.0	-0.013151671272826545	-2.3139219231976744	0.16649659961900765	3.5729999910675003	5.043999949560001
1280	20971520	10	4.0	4.898979485566356	10.0	0.0	10	7.9	4.036087214122113	13.0	0.0	-0.013867195369201382	-2.3034993134523036	0.15870982282693988	3.77649999055875	5.376999946230001
1284	21037056	10	4.3	4.73392015141785	10.0	0.0	10	7.9	4.036087214122113	13.0	0.0	-0.013702150876661707	-2.2581225606433732	0.14015572004422902	3.7347499906631247	6.064999939350002
1288	21102592	10	6.3	4.605431575867781	10.0	0.0	10	6.0	4.898979485566356	10.0	0.0	-0.012931902421028593	-2.294485608497665	0.1626030193317183	3.3127499917181256	6.854999931450002
1292	21168128	10	3.3	5.1	13.0	0.0	10	6.0	4.898979485566356	10.0	0.0	-0.012274180561926981	-2.3221804199183995	0.16924898247023715	3.57599999106	6.463999935360001
1296	21233664	10	6.3	5.21632054229799	13.0	0.0	10	6.9	4.784349485562275	13.0	0.0	-0.012950716509764535	-2.319978532450132	0.18167084181961957	4.010249989974375	6.201999937980001
1300	21299200	10	7.6	4.476605857119878	13.0	0.0	10	8.3	4.243819034784589	13.0	0.0	-0.012440535830357313	-2.3171956536740304	0.14157132546805357	3.6622499908443755	6.891999931080002
1304	21364736	10	8.3	4.243819034784589	13.0	0.0	10	6.3	5.21632054229799	13.0	0.0	-0.013635158828436333	-2.3147551390104297	0.12302706808432903	3.3317499916706246	5.536999944630001
1308	21430272	10	5.2	5.344155686354955	13.0	0.0	10	7.9	4.036087214122113	13.0	0.0	-0.01218157869995728	-2.2760088888420094	0.1584894222352715	3.7222499906943756	6.211999937880001
1312	21495808	10	5.9	4.887739763939975	13.0	0.0	10	7.3	4.859012245302536	13.0	0.0	-0.012209383786528902	-2.309820559876956	0.1388149451475036	4.016749989958125	5.78099994219
1316	21561344	10	7.3	4.196427051671457	10.0	0.0	10	7.3	4.196427051671457	10.0	0.0	-0.012896132956050653	-2.2508854019284024	0.17096427608984022	3.383749991540625	6.196999938030001
1320	21626880	10	4.0	4.898979485566356	10.0	0.0	10	5.3	4.775981574503821	10.0	0.0	-0.01183781743139739	-2.2541327399647604	0.17587774283904123	3.606249990984375	6.314999936850001
1324	21692416	10	5.3	4.775981574503821	10.0	0.0	10	8.0	4.0	10.0	0.0	-0.012339986328321784	-2.2773980024071507	0.1694604848179775	3.8209999904474996	3.4439999655600007
1328	21757952	10	5.3	5.367494760127856	13.0	0.0	10	6.3	4.605431575867782	10.0	0.0	-0.013343369477726583	-2.306819634892655	0.15703360587274912	3.4172499914568752	5.57599994424
1332	21823488	10	4.3	4.73392015141785	10.0	0.0	10	2.3	3.9509492530276824	10.0	0.0	-0.01239788008744051	-2.28432922786521	0.14361744279408514	3.5364999911587502	6.324999936750001
1336	21889024	10	5.0	5.0	10.0	0.0	10	8.3	3.4655446902326914	10.0	0.0	-0.013120646659897156	-2.3458122385084863	0.10388183010591287	3.6442499908893753	4.327999956720001
1340	21954560	10	3.3	4.473253849269008	10.0	0.0	10	5.9	5.4671747731346585	13.0	0.0	-0.01231045135372374	-2.2876470583281145	0.12630052374291562	3.547249991131875	6.913999930860001
1344	22020096	10	6.6	5.499090833947008	13.0	0.0	10	6.0	4.898979485566356	10.0	0.0	-0.012514318442511803	-2.362098013115243	0.13028504480802874	3.3769999915574997	6.481999935180001
1348	22085632	10	4.6	4.5431266766402185	10.0	0.0	10	6.6	4.923413450036469	13.0	0.0	-0.012711680036964722	-2.334657157217655	0.16538070132785396	3.7072499907318752	6.621999933780001
1352	22151168	10	5.0	5.0	10.0	0.0	10	7.3	4.859012245302536	13.0	0.0	-0.013278954932635128	-2.3401012716239915	0.11019137492807765	3.7599999906000003	6.471999935280001
1356	22216704	10	5.3	5.367494760127857	13.0	0.0	10	5.6	4.521061822182927	10.0	0.0	-0.013300555975071487	-2.3155588058205403	0.16293562458062166	3.406249991484375	6.752999932470002
1360	22282240	10	5.3	4.775981574503821	10.0	0.0	10	3.3	5.1	13.0	0.0	-0.012968107155618839	-2.351790040486452	0.10122151283734654	3.449249991376875	6.64499993355
1364	22347776	10	5.0	5.0	10.0	0.0	10	10.3	0.9	13.0	10.0	-0.0130548980704026	-2.309909688689101	0.15299713361656375	3.709249990726875	4.8139999518600005
1368	22413312	10	8.0	4.0	10.0	0.0	10	6.3	4.605431575867782	10.0	0.0	-0.013295556921679138	-2.2838548146292768	0.15344133870630017	3.8284999904287504	5.0729999492700015
1372	22478848	10	5.3	4.775981574503821	10.0	0.0	10	8.3	3.4655446902326914	10.0	0.0	-0.012762124641574992	-2.2811712818948444	0.14348445637209173	3.698749990753125	6.432999935670001
1376	22544384	10	6.0	4.898979485566356	10.0	0.0	10	6.6	4.923413450036469	13.0	0.0	-0.01323832809049883	-2.3167563326727056	0.17042483604910935	3.3664999915837504	5.1209999487900015
1380	22609920	10	3.6	4.340506882842141	10.0	0.0	10	7.6	3.7469987990390385	10.0	0.0	-0.013079776808052525	-2.2917686251398828	0.15255541213130294	3.5592499911018756	6.838999931610002
1384	22675456	10	4.3	4.73392015141785	10.0	0.0	10	6.9	4.592385001282013	13.0	0.0	-0.012850623030797747	-2.32353244697686	0.1331212332643978	3.7454999906362505	6.246999937530001
1388	22740992	10	5.9	4.2296571965113205	10.0	0.0	10	6.6	4.476605857119878	10.0	0.0	-0.01193640396010435	-2.292036086082123	0.17213033262088975	3.5602499910993752	6.881999931180001
1392	22806528	10	4.0	4.898979485566356	10.0	0.0	10	4.3	4.73392015141785	10.0	0.0	-0.011958946179187155	-2.2921079345143385	0.16529502399717028	3.4547499913631254	7.273999927260001
1396	22872064	10	4.3	4.73392015141785	10.0	0.0	10	9.0	3.0	10.0	0.0	-0.012975841017136048	-2.3346446377587267	0.1853799617966627	3.36849999157875	5.5869999441300005
1400	22937600	10	6.0	4.898979485566356	10.0	0.0	10	7.3	4.196427051671457	10.0	0.0	-0.013135602652706026	-2.2912133929726965	0.21070770071176756	3.6332499909168754	6.439999935600001
1404	23003136	10	6.3	5.21632054229799	13.0	0.0	10	7.3	4.196427051671457	10.0	0.0	-0.013484785673841137	-2.3204308273958016	0.16980744190297464	3.9319999901700005	4.04299995957
1408	23068672	10	5.0	5.0	10.0	0.0	10	5.3	4.775981574503821	10.0	0.0	-0.012514478821594838	-2.316442655779027	0.15605766829029832	3.7067499907331247	6.9979999300200015
1412	23134208	10	5.0	5.0	10.0	0.0	10	7.3	4.196427051671457	10.0	0.0	-0.013158782522162156	-2.2982265723337862	0.18587189289978137	3.55849999110375	7.234999927650001
1416	23199744	10	4.0	4.898979485566356	10.0	0.0	10	9.0	3.0	10.0	0.0	-0.01278360453204113	-2.3244915850522707	0.17663477468016595	3.4152499914618746	4.555999954440001
1420	23265280	10	5.3	4.775981574503821	10.0	0.0	10	6.6	4.923413450036469	13.0	0.0	-0.012741696350113362	-2.3099225757100053	0.209791316784175	3.84949999037625	6.513999934860001
1424	23330816	10	3.6	4.340506882842141	10.0	0.0	10	6.9	4.109744517606903	10.0	0.0	-0.013089804578916415	-2.2969130324911586	0.17170525790576674	4.096249989759375	6.806999931930002
1428	23396352	10	5.6	4.521061822182927	10.0	0.0	10	9.0	3.0	10.0	0.0	-0.012455860408626963	-2.2856044692400466	0.1966551146265161	3.6167499909581253	4.6399999536
1432	23461888	10	5.3	4.775981574503821	10.0	0.0	10	8.9	4.635730794599704	13.0	0.0	-0.013000173310966654	-2.2754879864666835	0.21005654969237642	3.53349999116625	5.790999942090001
1436	23527424	10	3.6	4.340506882842141	10.0	0.0	10	5.0	5.0	10.0	0.0	-0.012987498133206076	-2.27583917206661	0.1883298042034131	3.587249991031875	2.7899999721000004
1440	23592960	10	5.3	4.775981574503821	10.0	0.0	10	8.3	3.4655446902326914	10.0	0.0	-0.014046740631836526	-2.297124256451059	0.15211949146630774	3.6359999909100003	6.016999939830002
1444	23658496	10	8.3	4.243819034784589	13.0	0.0	10	6.3	4.605431575867781	10.0	0.0	-0.014010661787077567	-2.326582121110002	0.14167131388946838	3.233249991916875	6.63199993368
1448	23724032	10	7.3	4.196427051671457	10.0	0.0	10	8.3	3.4655446902326914	10.0	0.0	-0.012985346459129464	-2.323221814887119	0.19510296559412474	3.596749991008125	6.100999938990001
1452	23789568	10	4.6	4.5431266766402185	10.0	0.0	10	7.3	4.196427051671457	10.0	0.0	-0.01250257393370222	-2.311577794211719	0.17916611929420437	3.7554999906112503	6.3869999361300005
1456	23855104	10	4.6	5.161395160225576	13.0	0.0	10	8.6	3.104834939252005	10.0	0.0	-0.013092572988626193	-2.294832942147423	0.17016562848752423	3.7502499906243756	6.342999936570001
1460	23920640	10	4.3	4.73392015141785	10.0	0.0	10	6.6	4.923413450036469	13.0	0.0	-0.0125696286982569	-2.3253959116897627	0.1882577733871934	3.5402499911493748	7.320999926790001
1464	23986176	10	5.6	5.141984052872976	13.0	0.0	10	8.3	3.4655446902326914	10.0	0.0	-0.013481640337997832	-2.3299251593705907	0.17774210053507225	3.3264999916837503	6.67699993323
1468	24051712	10	4.0	4.898979485566356	10.0	0.0	10	2.6	3.8781438859330635	10.0	0.0	-0.013300228312021644	-2.340695790702661	0.15930684343804463	3.735249990661875	7.919999920800001
1472	24117248	10	5.0	5.0	10.0	0.0	10	8.3	3.4655446902326914	10.0	0.0	-0.013082867261347551	-2.3083407975812285	0.16763646681599023	3.57549999106125	4.5659999543400005
1476	24182784	10	6.6	4.2708313008125245	10.0	0.0	10	7.0	4.58257569495584	10.0	0.0	-0.012670932530347363	-2.328386969621828	0.15871708628930875	3.70049999074875	4.776999952230001
1480	24248320	10	5.3	5.367494760127857	13.0	0.0	10	9.3	2.1	10.0	3.0	-0.013056515120453032	-2.324354655798548	0.19567389287499795	3.4467499913831254	7.047999929520001
1484	24313856	10	4.6	5.161395160225576	13.0	0.0	10	7.0	4.58257569495584	10.0	0.0	-0.013192661660610318	-2.3393439846780915	0.1645749702412566	3.7599999906000003	5.910999940890001
1488	24379392	10	5.3	5.367494760127857	13.0	0.0	10	7.0	4.58257569495584	10.0	0.0	-0.013546477444028964	-2.3169881301691593	0.1553586123659804	3.78049999054875	5.199999948000001
1492	24444928	10	2.3	3.9509492530276824	10.0	0.0	10	7.2	3.682390527904394	10.0	0.0	-0.013667904979018125	-2.351267623159738	0.15672170959022297	3.497749991255625	7.943999920560001
1496	24510464	10	4.6	4.5431266766402185	10.0	0.0	10	6.6	4.476605857119878	10.0	0.0	-0.014057370525785373	-2.328777750090569	0.16759085785404026	3.3079999917300005	7.014999929850001
1500	24576000	10	3.3	4.473253849269008	10.0	0.0	10	8.3	3.4655446902326914	10.0	0.0	-0.012759228865014531	-2.300263449310064	0.15920191233250644	3.833999990415	6.452999935470001
1504	24641536	10	6.0	4.898979485566356	10.0	0.0	10	7.6	3.9799497484264794	10.0	0.0	-0.012426995428459157	-2.302284436681457	0.18096178589676795	3.9034999902412504	6.675999933240001
1508	24707072	10	4.0	4.898979485566356	10.0	0.0	10	8.6	3.720215047547655	13.0	0.0	-0.013154020291488848	-2.2922744897600387	0.1586771393805608	3.7032499907418748	7.462999925370001
1512	24772608	10	3.0	4.58257569495584	10.0	0.0	10	7.6	3.7469987990390385	10.0	0.0	-0.013645353291489146	-2.284863844275886	0.1686610927008734	3.477749991305625	6.916999930830001
1516	24838144	10	4.9	4.968903299521938	13.0	0.0	10	6.6	4.2708313008125245	10.0	0.0	-0.013072108780612463	-2.300816875953219	0.1598010712602423	3.51849999120375	6.537999934620001
1520	24903680	10	4.3	4.73392015141785	10.0	0.0	10	5.3	4.775981574503821	10.0	0.0	-0.01288317954567094	-2.297698271531928	0.1741889164756834	3.860749990348125	6.411999935880001
1524	24969216	10	5.6	4.521061822182927	10.0	0.0	10	9.0	3.0	10.0	0.0	-0.013093604823704502	-2.2807147575029227	0.2129592400132811	3.620249990949375	5.697999943020001
